[2026-01-30 12:40:01] Feature IR_Delta_T at 3mm has zero variance
[2026-01-30 12:40:12] Error in calculate_auc_ci: "None of [Index([38, 51, 28, 14, 42,  7, 60, 20, 38, 57, 18, 22, 10, 10, 23, 52, 35, 39,\n       23,  2, 21, 52,  1, 23, 43, 29, 37,  1, 63, 59, 20, 32, 11, 57, 21, 60,\n       43, 24, 48, 26, 58, 62, 41, 63, 27, 59, 15, 14, 61, 61, 46, 61, 50, 43,\n       54, 51, 63, 56,  2, 36, 50,  6, 20,  8],\n      dtype='int64')] are in the [index]"
[2026-01-30 12:40:12] Error in calculate_auc_ci: "None of [Index([38, 51, 28, 14, 42,  7, 60, 20, 38, 57, 18, 22, 10, 10, 23, 52, 35, 39,\n       23,  2, 21, 52,  1, 23, 43, 29, 37,  1, 63, 59, 20, 32, 11, 57, 21, 60,\n       43, 24, 48, 26, 58, 62, 41, 63, 27, 59, 15, 14, 61, 61, 46, 61, 50, 43,\n       54, 51, 63, 56,  2, 36, 50,  6, 20,  8],\n      dtype='int64')] are in the [index]"
[2026-01-30 12:40:12] Error in calculate_auc_ci: "None of [Index([38, 51, 28, 14, 42,  7, 60, 20, 38, 57, 18, 22, 10, 10, 23, 52, 35, 39,\n       23,  2, 21, 52,  1, 23, 43, 29, 37,  1, 63, 59, 20, 32, 11, 57, 21, 60,\n       43, 24, 48, 26, 58, 62, 41, 63, 27, 59, 15, 14, 61, 61, 46, 61, 50, 43,\n       54, 51, 63, 56,  2, 36, 50,  6, 20,  8],\n      dtype='int64')] are in the [index]"
[2026-01-30 12:40:12] Error in calculate_auc_ci: "None of [Index([38, 51, 28, 14, 42,  7, 60, 20, 38, 57, 18, 22, 10, 10, 23, 52, 35, 39,\n       23,  2, 21, 52,  1, 23, 43, 29, 37,  1, 63, 59, 20, 32, 11, 57, 21, 60,\n       43, 24, 48, 26, 58, 62, 41, 63, 27, 59, 15, 14, 61, 61, 46, 61, 50, 43,\n       54, 51, 63, 56,  2, 36, 50,  6, 20,  8],\n      dtype='int64')] are in the [index]"
[2026-01-30 12:40:12] Error in calculate_auc_ci: "None of [Index([38, 51, 28, 14, 42,  7, 60, 20, 38, 57, 18, 22, 10, 10, 23, 52, 35, 39,\n       23,  2, 21, 52,  1, 23, 43, 29, 37,  1, 63, 59, 20, 32, 11, 57, 21, 60,\n       43, 24, 48, 26, 58, 62, 41, 63, 27, 59, 15, 14, 61, 61, 46, 61, 50, 43,\n       54, 51, 63, 56,  2, 36, 50,  6, 20,  8],\n      dtype='int64')] are in the [index]"
[2026-01-30 12:40:12] Error in calculate_auc_ci: "None of [Index([38, 51, 28, 14, 42,  7, 60, 20, 38, 57, 18, 22, 10, 10, 23, 52, 35, 39,\n       23,  2, 21, 52,  1, 23, 43, 29, 37,  1, 63, 59, 20, 32, 11, 57, 21, 60,\n       43, 24, 48, 26, 58, 62, 41, 63, 27, 59, 15, 14, 61, 61, 46, 61, 50, 43,\n       54, 51, 63, 56,  2, 36, 50,  6, 20,  8],\n      dtype='int64')] are in the [index]"
[2026-01-30 12:40:12] Error in calculate_auc_ci: "None of [Index([38, 51, 28, 14, 42,  7, 60, 20, 38, 57, 18, 22, 10, 10, 23, 52, 35, 39,\n       23,  2, 21, 52,  1, 23, 43, 29, 37,  1, 63, 59, 20, 32, 11, 57, 21, 60,\n       43, 24, 48, 26, 58, 62, 41, 63, 27, 59, 15, 14, 61, 61, 46, 61, 50, 43,\n       54, 51, 63, 56,  2, 36, 50,  6, 20,  8],\n      dtype='int64')] are in the [index]"
[2026-01-30 12:40:12] Error in calculate_auc_ci: "None of [Index([38, 51, 28, 14, 42,  7, 60, 20, 38, 57, 18, 22, 10, 10, 23, 52, 35, 39,\n       23,  2, 21, 52,  1, 23, 43, 29, 37,  1, 63, 59, 20, 32, 11, 57, 21, 60,\n       43, 24, 48, 26, 58, 62, 41, 63, 27, 59, 15, 14, 61, 61, 46, 61, 50, 43,\n       54, 51, 63, 56,  2, 36, 50,  6, 20,  8],\n      dtype='int64')] are in the [index]"
[2026-01-30 12:40:12] Error in calculate_auc_ci: "None of [Index([38, 51, 28, 14, 42,  7, 60, 20, 38, 57, 18, 22, 10, 10, 23, 52, 35, 39,\n       23,  2, 21, 52,  1, 23, 43, 29, 37,  1, 63, 59, 20, 32, 11, 57, 21, 60,\n       43, 24, 48, 26, 58, 62, 41, 63, 27, 59, 15, 14, 61, 61, 46, 61, 50, 43,\n       54, 51, 63, 56,  2, 36, 50,  6, 20,  8],\n      dtype='int64')] are in the [index]"
[2026-01-30 12:40:12] Error in calculate_auc_ci: "None of [Index([38, 51, 28, 14, 42,  7, 60, 20, 38, 57, 18, 22, 10, 10, 23, 52, 35, 39,\n       23,  2, 21, 52,  1, 23, 43, 29, 37,  1, 63, 59, 20, 32, 11, 57, 21, 60,\n       43, 24, 48, 26, 58, 62, 41, 63, 27, 59, 15, 14, 61, 61, 46, 61, 50, 43,\n       54, 51, 63, 56,  2, 36, 50,  6, 20,  8],\n      dtype='int64')] are in the [index]"
[2026-01-30 12:40:12] Error in calculate_auc_ci: "None of [Index([38, 51, 28, 14, 42,  7, 60, 20, 38, 57, 18, 22, 10, 10, 23, 52, 35, 39,\n       23,  2, 21, 52,  1, 23, 43, 29, 37,  1, 63, 59, 20, 32, 11, 57, 21, 60,\n       43, 24, 48, 26, 58, 62, 41, 63, 27, 59, 15, 14, 61, 61, 46, 61, 50, 43,\n       54, 51, 63, 56,  2, 36, 50,  6, 20,  8],\n      dtype='int64')] are in the [index]"
[2026-01-30 12:40:12] Error in calculate_auc_ci: "None of [Index([38, 51, 28, 14, 42,  7, 60, 20, 38, 57, 18, 22, 10, 10, 23, 52, 35, 39,\n       23,  2, 21, 52,  1, 23, 43, 29, 37,  1, 63, 59, 20, 32, 11, 57, 21, 60,\n       43, 24, 48, 26, 58, 62, 41, 63, 27, 59, 15, 14, 61, 61, 46, 61, 50, 43,\n       54, 51, 63, 56,  2, 36, 50,  6, 20,  8],\n      dtype='int64')] are in the [index]"
[2026-01-30 12:40:12] Error in calculate_auc_ci: "None of [Index([38, 51, 28, 14, 42,  7, 60, 20, 38, 57, 18, 22, 10, 10, 23, 52, 35, 39,\n       23,  2, 21, 52,  1, 23, 43, 29, 37,  1, 63, 59, 20, 32, 11, 57, 21, 60,\n       43, 24, 48, 26, 58, 62, 41, 63, 27, 59, 15, 14, 61, 61, 46, 61, 50, 43,\n       54, 51, 63, 56,  2, 36, 50,  6, 20,  8],\n      dtype='int64')] are in the [index]"
[2026-01-30 12:40:12] Error in calculate_auc_ci: "None of [Index([38, 51, 28, 14, 42,  7, 60, 20, 38, 57, 18, 22, 10, 10, 23, 52, 35, 39,\n       23,  2, 21, 52,  1, 23, 43, 29, 37,  1, 63, 59, 20, 32, 11, 57, 21, 60,\n       43, 24, 48, 26, 58, 62, 41, 63, 27, 59, 15, 14, 61, 61, 46, 61, 50, 43,\n       54, 51, 63, 56,  2, 36, 50,  6, 20,  8],\n      dtype='int64')] are in the [index]"
[2026-01-30 12:40:12] Error in calculate_auc_ci: "None of [Index([38, 51, 28, 14, 42,  7, 60, 20, 38, 57, 18, 22, 10, 10, 23, 52, 35, 39,\n       23,  2, 21, 52,  1, 23, 43, 29, 37,  1, 63, 59, 20, 32, 11, 57, 21, 60,\n       43, 24, 48, 26, 58, 62, 41, 63, 27, 59, 15, 14, 61, 61, 46, 61, 50, 43,\n       54, 51, 63, 56,  2, 36, 50,  6, 20,  8],\n      dtype='int64')] are in the [index]"
[2026-01-30 12:40:12] Error in calculate_auc_ci: "None of [Index([38, 51, 28, 14, 42,  7, 60, 20, 38, 57, 18, 22, 10, 10, 23, 52, 35, 39,\n       23,  2, 21, 52,  1, 23, 43, 29, 37,  1, 63, 59, 20, 32, 11, 57, 21, 60,\n       43, 24, 48, 26, 58, 62, 41, 63, 27, 59, 15, 14, 61, 61, 46, 61, 50, 43,\n       54, 51, 63, 56,  2, 36, 50,  6, 20,  8],\n      dtype='int64')] are in the [index]"
[2026-01-30 12:40:12] Error in calculate_auc_ci: "None of [Index([38, 51, 28, 14, 42,  7, 60, 20, 38, 57, 18, 22, 10, 10, 23, 52, 35, 39,\n       23,  2, 21, 52,  1, 23, 43, 29, 37,  1, 63, 59, 20, 32, 11, 57, 21, 60,\n       43, 24, 48, 26, 58, 62, 41, 63, 27, 59, 15, 14, 61, 61, 46, 61, 50, 43,\n       54, 51, 63, 56,  2, 36, 50,  6, 20,  8],\n      dtype='int64')] are in the [index]"
[2026-01-30 12:40:12] Error in calculate_auc_ci: "None of [Index([38, 51, 28, 14, 42,  7, 60, 20, 38, 57, 18, 22, 10, 10, 23, 52, 35, 39,\n       23,  2, 21, 52,  1, 23, 43, 29, 37,  1, 63, 59, 20, 32, 11, 57, 21, 60,\n       43, 24, 48, 26, 58, 62, 41, 63, 27, 59, 15, 14, 61, 61, 46, 61, 50, 43,\n       54, 51, 63, 56,  2, 36, 50,  6, 20,  8],\n      dtype='int64')] are in the [index]"
[2026-01-30 12:40:12] Error in calculate_auc_ci: "None of [Index([38, 51, 28, 14, 42,  7, 60, 20, 38, 57, 18, 22, 10, 10, 23, 52, 35, 39,\n       23,  2, 21, 52,  1, 23, 43, 29, 37,  1, 63, 59, 20, 32, 11, 57, 21, 60,\n       43, 24, 48, 26, 58, 62, 41, 63, 27, 59, 15, 14, 61, 61, 46, 61, 50, 43,\n       54, 51, 63, 56,  2, 36, 50,  6, 20,  8],\n      dtype='int64')] are in the [index]"
[2026-01-30 12:40:12] Error in calculate_auc_ci: "None of [Index([38, 51, 28, 14, 42,  7, 60, 20, 38, 57, 18, 22, 10, 10, 23, 52, 35, 39,\n       23,  2, 21, 52,  1, 23, 43, 29, 37,  1, 63, 59, 20, 32, 11, 57, 21, 60,\n       43, 24, 48, 26, 58, 62, 41, 63, 27, 59, 15, 14, 61, 61, 46, 61, 50, 43,\n       54, 51, 63, 56,  2, 36, 50,  6, 20,  8],\n      dtype='int64')] are in the [index]"
[2026-01-30 12:40:12] Error in calculate_auc_ci: "None of [Index([38, 51, 28, 14, 42,  7, 60, 20, 38, 57, 18, 22, 10, 10, 23, 52, 35, 39,\n       23,  2, 21, 52,  1, 23, 43, 29, 37,  1, 63, 59, 20, 32, 11, 57, 21, 60,\n       43, 24, 48, 26, 58, 62, 41, 63, 27, 59, 15, 14, 61, 61, 46, 61, 50, 43,\n       54, 51, 63, 56,  2, 36, 50,  6, 20,  8],\n      dtype='int64')] are in the [index]"
[2026-01-30 12:40:12] Error in calculate_auc_ci: "None of [Index([38, 51, 28, 14, 42,  7, 60, 20, 38, 57, 18, 22, 10, 10, 23, 52, 35, 39,\n       23,  2, 21, 52,  1, 23, 43, 29, 37,  1, 63, 59, 20, 32, 11, 57, 21, 60,\n       43, 24, 48, 26, 58, 62, 41, 63, 27, 59, 15, 14, 61, 61, 46, 61, 50, 43,\n       54, 51, 63, 56,  2, 36, 50,  6, 20,  8],\n      dtype='int64')] are in the [index]"
[2026-01-30 12:40:12] Error in calculate_auc_ci: "None of [Index([38, 51, 28, 14, 42,  7, 60, 20, 38, 57, 18, 22, 10, 10, 23, 52, 35, 39,\n       23,  2, 21, 52,  1, 23, 43, 29, 37,  1, 63, 59, 20, 32, 11, 57, 21, 60,\n       43, 24, 48, 26, 58, 62, 41, 63, 27, 59, 15, 14, 61, 61, 46, 61, 50, 43,\n       54, 51, 63, 56,  2, 36, 50,  6, 20,  8],\n      dtype='int64')] are in the [index]"
[2026-01-30 12:40:12] Error in calculate_auc_ci: "None of [Index([38, 51, 28, 14, 42,  7, 60, 20, 38, 57, 18, 22, 10, 10, 23, 52, 35, 39,\n       23,  2, 21, 52,  1, 23, 43, 29, 37,  1, 63, 59, 20, 32, 11, 57, 21, 60,\n       43, 24, 48, 26, 58, 62, 41, 63, 27, 59, 15, 14, 61, 61, 46, 61, 50, 43,\n       54, 51, 63, 56,  2, 36, 50,  6, 20,  8],\n      dtype='int64')] are in the [index]"
[2026-01-30 12:40:12] Error in calculate_auc_ci: "None of [Index([38, 51, 28, 14, 42,  7, 60, 20, 38, 57, 18, 22, 10, 10, 23, 52, 35, 39,\n       23,  2, 21, 52,  1, 23, 43, 29, 37,  1, 63, 59, 20, 32, 11, 57, 21, 60,\n       43, 24, 48, 26, 58, 62, 41, 63, 27, 59, 15, 14, 61, 61, 46, 61, 50, 43,\n       54, 51, 63, 56,  2, 36, 50,  6, 20,  8],\n      dtype='int64')] are in the [index]"
[2026-01-30 12:40:12] Error in calculate_auc_ci: "None of [Index([38, 51, 28, 14, 42,  7, 60, 20, 38, 57, 18, 22, 10, 10, 23, 52, 35, 39,\n       23,  2, 21, 52,  1, 23, 43, 29, 37,  1, 63, 59, 20, 32, 11, 57, 21, 60,\n       43, 24, 48, 26, 58, 62, 41, 63, 27, 59, 15, 14, 61, 61, 46, 61, 50, 43,\n       54, 51, 63, 56,  2, 36, 50,  6, 20,  8],\n      dtype='int64')] are in the [index]"
[2026-01-30 12:40:12] Error in calculate_auc_ci: "None of [Index([38, 51, 28, 14, 42,  7, 60, 20, 38, 57, 18, 22, 10, 10, 23, 52, 35, 39,\n       23,  2, 21, 52,  1, 23, 43, 29, 37,  1, 63, 59, 20, 32, 11, 57, 21, 60,\n       43, 24, 48, 26, 58, 62, 41, 63, 27, 59, 15, 14, 61, 61, 46, 61, 50, 43,\n       54, 51, 63, 56,  2, 36, 50,  6, 20,  8],\n      dtype='int64')] are in the [index]"
[2026-01-30 12:40:12] Error in calculate_auc_ci: "None of [Index([38, 51, 28, 14, 42,  7, 60, 20, 38, 57, 18, 22, 10, 10, 23, 52, 35, 39,\n       23,  2, 21, 52,  1, 23, 43, 29, 37,  1, 63, 59, 20, 32, 11, 57, 21, 60,\n       43, 24, 48, 26, 58, 62, 41, 63, 27, 59, 15, 14, 61, 61, 46, 61, 50, 43,\n       54, 51, 63, 56,  2, 36, 50,  6, 20,  8],\n      dtype='int64')] are in the [index]"
[2026-01-30 12:40:12] Error in calculate_auc_ci: "None of [Index([38, 51, 28, 14, 42,  7, 60, 20, 38, 57, 18, 22, 10, 10, 23, 52, 35, 39,\n       23,  2, 21, 52,  1, 23, 43, 29, 37,  1, 63, 59, 20, 32, 11, 57, 21, 60,\n       43, 24, 48, 26, 58, 62, 41, 63, 27, 59, 15, 14, 61, 61, 46, 61, 50, 43,\n       54, 51, 63, 56,  2, 36, 50,  6, 20,  8],\n      dtype='int64')] are in the [index]"
[2026-01-30 12:40:12] Error in calculate_auc_ci: "None of [Index([38, 51, 28, 14, 42,  7, 60, 20, 38, 57, 18, 22, 10, 10, 23, 52, 35, 39,\n       23,  2, 21, 52,  1, 23, 43, 29, 37,  1, 63, 59, 20, 32, 11, 57, 21, 60,\n       43, 24, 48, 26, 58, 62, 41, 63, 27, 59, 15, 14, 61, 61, 46, 61, 50, 43,\n       54, 51, 63, 56,  2, 36, 50,  6, 20,  8],\n      dtype='int64')] are in the [index]"
[2026-01-30 12:40:12] Error in calculate_auc_ci: "None of [Index([38, 51, 28, 14, 42,  7, 60, 20, 38, 57, 18, 22, 10, 10, 23, 52, 35, 39,\n       23,  2, 21, 52,  1, 23, 43, 29, 37,  1, 63, 59, 20, 32, 11, 57, 21, 60,\n       43, 24, 48, 26, 58, 62, 41, 63, 27, 59, 15, 14, 61, 61, 46, 61, 50, 43,\n       54, 51, 63, 56,  2, 36, 50,  6, 20,  8],\n      dtype='int64')] are in the [index]"
[2026-01-30 12:40:12] Error in calculate_auc_ci: "None of [Index([38, 51, 28, 14, 42,  7, 60, 20, 38, 57, 18, 22, 10, 10, 23, 52, 35, 39,\n       23,  2, 21, 52,  1, 23, 43, 29, 37,  1, 63, 59, 20, 32, 11, 57, 21, 60,\n       43, 24, 48, 26, 58, 62, 41, 63, 27, 59, 15, 14, 61, 61, 46, 61, 50, 43,\n       54, 51, 63, 56,  2, 36, 50,  6, 20,  8],\n      dtype='int64')] are in the [index]"
[2026-01-30 12:40:12] Error in calculate_auc_ci: "None of [Index([38, 51, 28, 14, 42,  7, 60, 20, 38, 57, 18, 22, 10, 10, 23, 52, 35, 39,\n       23,  2, 21, 52,  1, 23, 43, 29, 37,  1, 63, 59, 20, 32, 11, 57, 21, 60,\n       43, 24, 48, 26, 58, 62, 41, 63, 27, 59, 15, 14, 61, 61, 46, 61, 50, 43,\n       54, 51, 63, 56,  2, 36, 50,  6, 20,  8],\n      dtype='int64')] are in the [index]"
[2026-01-30 12:40:12] Error in calculate_auc_ci: "None of [Index([38, 51, 28, 14, 42,  7, 60, 20, 38, 57, 18, 22, 10, 10, 23, 52, 35, 39,\n       23,  2, 21, 52,  1, 23, 43, 29, 37,  1, 63, 59, 20, 32, 11, 57, 21, 60,\n       43, 24, 48, 26, 58, 62, 41, 63, 27, 59, 15, 14, 61, 61, 46, 61, 50, 43,\n       54, 51, 63, 56,  2, 36, 50,  6, 20,  8],\n      dtype='int64')] are in the [index]"
[2026-01-30 12:40:12] Error in calculate_auc_ci: "None of [Index([38, 51, 28, 14, 42,  7, 60, 20, 38, 57, 18, 22, 10, 10, 23, 52, 35, 39,\n       23,  2, 21, 52,  1, 23, 43, 29, 37,  1, 63, 59, 20, 32, 11, 57, 21, 60,\n       43, 24, 48, 26, 58, 62, 41, 63, 27, 59, 15, 14, 61, 61, 46, 61, 50, 43,\n       54, 51, 63, 56,  2, 36, 50,  6, 20,  8],\n      dtype='int64')] are in the [index]"
[2026-01-30 12:40:12] Error in calculate_auc_ci: "None of [Index([38, 51, 28, 14, 42,  7, 60, 20, 38, 57, 18, 22, 10, 10, 23, 52, 35, 39,\n       23,  2, 21, 52,  1, 23, 43, 29, 37,  1, 63, 59, 20, 32, 11, 57, 21, 60,\n       43, 24, 48, 26, 58, 62, 41, 63, 27, 59, 15, 14, 61, 61, 46, 61, 50, 43,\n       54, 51, 63, 56,  2, 36, 50,  6, 20,  8],\n      dtype='int64')] are in the [index]"
[2026-01-30 12:40:12] Error in calculate_auc_ci: "None of [Index([38, 51, 28, 14, 42,  7, 60, 20, 38, 57, 18, 22, 10, 10, 23, 52, 35, 39,\n       23,  2, 21, 52,  1, 23, 43, 29, 37,  1, 63, 59, 20, 32, 11, 57, 21, 60,\n       43, 24, 48, 26, 58, 62, 41, 63, 27, 59, 15, 14, 61, 61, 46, 61, 50, 43,\n       54, 51, 63, 56,  2, 36, 50,  6, 20,  8],\n      dtype='int64')] are in the [index]"
[2026-01-30 12:40:12] Error in calculate_auc_ci: "None of [Index([38, 51, 28, 14, 42,  7, 60, 20, 38, 57, 18, 22, 10, 10, 23, 52, 35, 39,\n       23,  2, 21, 52,  1, 23, 43, 29, 37,  1, 63, 59, 20, 32, 11, 57, 21, 60,\n       43, 24, 48, 26, 58, 62, 41, 63, 27, 59, 15, 14, 61, 61, 46, 61, 50, 43,\n       54, 51, 63, 56,  2, 36, 50,  6, 20,  8],\n      dtype='int64')] are in the [index]"
[2026-01-30 12:40:12] Error in calculate_auc_ci: "None of [Index([38, 51, 28, 14, 42,  7, 60, 20, 38, 57, 18, 22, 10, 10, 23, 52, 35, 39,\n       23,  2, 21, 52,  1, 23, 43, 29, 37,  1, 63, 59, 20, 32, 11, 57, 21, 60,\n       43, 24, 48, 26, 58, 62, 41, 63, 27, 59, 15, 14, 61, 61, 46, 61, 50, 43,\n       54, 51, 63, 56,  2, 36, 50,  6, 20,  8],\n      dtype='int64')] are in the [index]"
[2026-01-30 12:40:12] Error in calculate_auc_ci: "None of [Index([38, 51, 28, 14, 42,  7, 60, 20, 38, 57, 18, 22, 10, 10, 23, 52, 35, 39,\n       23,  2, 21, 52,  1, 23, 43, 29, 37,  1, 59, 20, 32, 11, 57, 21, 60, 43,\n       24, 48, 26, 58, 41, 27, 59, 15, 14, 46, 50, 43, 54, 51, 56,  2, 36, 50,\n        6, 20,  8, 38, 17,  3, 24],\n      dtype='int64')] are in the [index]"
[2026-01-30 12:40:12] Error in calculate_auc_ci: "None of [Index([38, 51, 28, 14, 42,  7, 60, 20, 38, 57, 18, 22, 10, 10, 23, 52, 35, 39,\n       23,  2, 21, 52,  1, 23, 43, 29, 37,  1, 59, 20, 32, 11, 57, 21, 60, 43,\n       24, 48, 26, 58, 41, 27, 59, 15, 14, 46, 50, 43, 54, 51, 56,  2, 36, 50,\n        6, 20,  8, 38, 17,  3, 24],\n      dtype='int64')] are in the [index]"
[2026-01-30 12:40:12] Error in calculate_auc_ci: "None of [Index([38, 51, 28, 14, 42,  7, 60, 20, 38, 57, 18, 22, 10, 10, 23, 52, 35, 39,\n       23,  2, 21, 52,  1, 23, 43, 29, 37,  1, 59, 20, 32, 11, 57, 21, 60, 43,\n       24, 48, 26, 58, 41, 27, 59, 15, 14, 46, 50, 43, 54, 51, 56,  2, 36, 50,\n        6, 20,  8, 38, 17,  3, 24],\n      dtype='int64')] are in the [index]"
[2026-01-30 12:40:12] Error in calculate_auc_ci: "None of [Index([38, 51, 28, 14, 42,  7, 60, 20, 38, 57, 18, 22, 10, 10, 23, 52, 35, 39,\n       23,  2, 21, 52,  1, 23, 43, 29, 37,  1, 59, 20, 32, 11, 57, 21, 60, 43,\n       24, 48, 26, 58, 41, 27, 59, 15, 14, 46, 50, 43, 54, 51, 56,  2, 36, 50,\n        6, 20,  8, 38, 17,  3, 24],\n      dtype='int64')] are in the [index]"
[2026-01-30 12:40:12] Error in calculate_auc_ci: "None of [Index([38, 51, 28, 14, 42,  7, 60, 20, 38, 57, 18, 22, 10, 10, 23, 52, 35, 39,\n       23,  2, 21, 52,  1, 23, 43, 29, 37,  1, 59, 20, 32, 11, 57, 21, 60, 43,\n       24, 48, 26, 58, 41, 27, 59, 15, 14, 46, 50, 43, 54, 51, 56,  2, 36, 50,\n        6, 20,  8, 38, 17,  3, 24],\n      dtype='int64')] are in the [index]"
[2026-01-30 12:40:12] Error in calculate_auc_ci: "None of [Index([38, 51, 28, 14, 42,  7, 60, 20, 38, 57, 18, 22, 10, 10, 23, 52, 35, 39,\n       23,  2, 21, 52,  1, 23, 43, 29, 37,  1, 59, 20, 32, 11, 57, 21, 60, 43,\n       24, 48, 26, 58, 41, 27, 59, 15, 14, 46, 50, 43, 54, 51, 56,  2, 36, 50,\n        6, 20,  8, 38, 17,  3, 24],\n      dtype='int64')] are in the [index]"
[2026-01-30 12:40:12] Error in calculate_auc_ci: "None of [Index([38, 51, 28, 14, 42,  7, 60, 20, 38, 57, 18, 22, 10, 10, 23, 52, 35, 39,\n       23,  2, 21, 52,  1, 23, 43, 29, 37,  1, 59, 20, 32, 11, 57, 21, 60, 43,\n       24, 48, 26, 58, 41, 27, 59, 15, 14, 46, 50, 43, 54, 51, 56,  2, 36, 50,\n        6, 20,  8, 38, 17,  3, 24],\n      dtype='int64')] are in the [index]"
[2026-01-30 12:40:12] Error in calculate_auc_ci: "None of [Index([38, 51, 28, 14, 42,  7, 60, 20, 38, 57, 18, 22, 10, 10, 23, 52, 35, 39,\n       23,  2, 21, 52,  1, 23, 43, 29, 37,  1, 59, 20, 32, 11, 57, 21, 60, 43,\n       24, 48, 26, 58, 41, 27, 59, 15, 14, 46, 50, 43, 54, 51, 56,  2, 36, 50,\n        6, 20,  8, 38, 17,  3, 24],\n      dtype='int64')] are in the [index]"
[2026-01-30 12:40:12] Error in calculate_auc_ci: "None of [Index([38, 51, 28, 14, 42,  7, 60, 20, 38, 57, 18, 22, 10, 10, 23, 52, 35, 39,\n       23,  2, 21, 52,  1, 23, 43, 29, 37,  1, 59, 20, 32, 11, 57, 21, 60, 43,\n       24, 48, 26, 58, 41, 27, 59, 15, 14, 46, 50, 43, 54, 51, 56,  2, 36, 50,\n        6, 20,  8, 38, 17,  3, 24],\n      dtype='int64')] are in the [index]"
[2026-01-30 12:40:12] Error in calculate_auc_ci: "None of [Index([38, 51, 28, 14, 42,  7, 60, 20, 38, 57, 18, 22, 10, 10, 23, 52, 35, 39,\n       23,  2, 21, 52,  1, 23, 43, 29, 37,  1, 59, 20, 32, 11, 57, 21, 60, 43,\n       24, 48, 26, 58, 41, 27, 59, 15, 14, 46, 50, 43, 54, 51, 56,  2, 36, 50,\n        6, 20,  8, 38, 17,  3, 24],\n      dtype='int64')] are in the [index]"
[2026-01-30 12:40:12] Error in calculate_auc_ci: "None of [Index([38, 51, 28, 14, 42,  7, 60, 20, 38, 57, 18, 22, 10, 10, 23, 52, 35, 39,\n       23,  2, 21, 52,  1, 23, 43, 29, 37,  1, 59, 20, 32, 11, 57, 21, 60, 43,\n       24, 48, 26, 58, 41, 27, 59, 15, 14, 46, 50, 43, 54, 51, 56,  2, 36, 50,\n        6, 20,  8, 38, 17,  3, 24],\n      dtype='int64')] are in the [index]"
[2026-01-30 12:40:12] Error in calculate_auc_ci: "None of [Index([38, 51, 28, 14, 42,  7, 60, 20, 38, 57, 18, 22, 10, 10, 23, 52, 35, 39,\n       23,  2, 21, 52,  1, 23, 43, 29, 37,  1, 59, 20, 32, 11, 57, 21, 60, 43,\n       24, 48, 26, 58, 41, 27, 59, 15, 14, 46, 50, 43, 54, 51, 56,  2, 36, 50,\n        6, 20,  8, 38, 17,  3, 24],\n      dtype='int64')] are in the [index]"
[2026-01-30 12:40:12] Error in calculate_auc_ci: "None of [Index([38, 51, 28, 14, 42,  7, 60, 20, 38, 57, 18, 22, 10, 10, 23, 52, 35, 39,\n       23,  2, 21, 52,  1, 23, 43, 29, 37,  1, 59, 20, 32, 11, 57, 21, 60, 43,\n       24, 48, 26, 58, 41, 27, 59, 15, 14, 46, 50, 43, 54, 51, 56,  2, 36, 50,\n        6, 20,  8, 38, 17,  3, 24],\n      dtype='int64')] are in the [index]"
[2026-01-30 12:40:12] Error in calculate_auc_ci: "None of [Index([38, 51, 28, 14, 42,  7, 60, 20, 38, 57, 18, 22, 10, 10, 23, 52, 35, 39,\n       23,  2, 21, 52,  1, 23, 43, 29, 37,  1, 59, 20, 32, 11, 57, 21, 60, 43,\n       24, 48, 26, 58, 41, 27, 59, 15, 14, 46, 50, 43, 54, 51, 56,  2, 36, 50,\n        6, 20,  8, 38, 17,  3, 24],\n      dtype='int64')] are in the [index]"
[2026-01-30 12:40:12] Error in calculate_auc_ci: "None of [Index([38, 51, 28, 14, 42,  7, 60, 20, 38, 57, 18, 22, 10, 10, 23, 52, 35, 39,\n       23,  2, 21, 52,  1, 23, 43, 29, 37,  1, 59, 20, 32, 11, 57, 21, 60, 43,\n       24, 48, 26, 58, 41, 27, 59, 15, 14, 46, 50, 43, 54, 51, 56,  2, 36, 50,\n        6, 20,  8, 38, 17,  3, 24],\n      dtype='int64')] are in the [index]"
[2026-01-30 12:40:12] Error in calculate_auc_ci: "None of [Index([38, 51, 28, 14, 42,  7, 60, 20, 38, 57, 18, 22, 10, 10, 23, 52, 35, 39,\n       23,  2, 21, 52,  1, 23, 43, 29, 37,  1, 59, 20, 32, 11, 57, 21, 60, 43,\n       24, 48, 26, 58, 41, 27, 59, 15, 14, 46, 50, 43, 54, 51, 56,  2, 36, 50,\n        6, 20,  8, 38, 17,  3, 24],\n      dtype='int64')] are in the [index]"
[2026-01-30 12:40:12] Error in calculate_auc_ci: "None of [Index([38, 51, 28, 14, 42,  7, 60, 20, 38, 57, 18, 22, 10, 10, 23, 52, 35, 39,\n       23,  2, 21, 52,  1, 23, 43, 29, 37,  1, 59, 20, 32, 11, 57, 21, 60, 43,\n       24, 48, 26, 58, 41, 27, 59, 15, 14, 46, 50, 43, 54, 51, 56,  2, 36, 50,\n        6, 20,  8, 38, 17,  3, 24],\n      dtype='int64')] are in the [index]"
[2026-01-30 12:40:12] Error in calculate_auc_ci: "None of [Index([38, 51, 28, 14, 42,  7, 60, 20, 38, 57, 18, 22, 10, 10, 23, 52, 35, 39,\n       23,  2, 21, 52,  1, 23, 43, 29, 37,  1, 59, 20, 32, 11, 57, 21, 60, 43,\n       24, 48, 26, 58, 41, 27, 59, 15, 14, 46, 50, 43, 54, 51, 56,  2, 36, 50,\n        6, 20,  8, 38, 17,  3, 24],\n      dtype='int64')] are in the [index]"
[2026-01-30 12:40:12] Error in calculate_auc_ci: "None of [Index([38, 51, 28, 14, 42,  7, 60, 20, 38, 57, 18, 22, 10, 10, 23, 52, 35, 39,\n       23,  2, 21, 52,  1, 23, 43, 29, 37,  1, 59, 20, 32, 11, 57, 21, 60, 43,\n       24, 48, 26, 58, 41, 27, 59, 15, 14, 46, 50, 43, 54, 51, 56,  2, 36, 50,\n        6, 20,  8, 38, 17,  3, 24],\n      dtype='int64')] are in the [index]"
[2026-01-30 12:40:12] Error in calculate_auc_ci: "None of [Index([38, 51, 28, 14, 42,  7, 60, 20, 38, 57, 18, 22, 10, 10, 23, 52, 35, 39,\n       23,  2, 21, 52,  1, 23, 43, 29, 37,  1, 59, 20, 32, 11, 57, 21, 60, 43,\n       24, 48, 26, 58, 41, 27, 59, 15, 14, 46, 50, 43, 54, 51, 56,  2, 36, 50,\n        6, 20,  8, 38, 17,  3, 24],\n      dtype='int64')] are in the [index]"
[2026-01-30 12:40:12] Error in calculate_auc_ci: "None of [Index([38, 51, 28, 14, 42,  7, 60, 20, 38, 57, 18, 22, 10, 10, 23, 52, 35, 39,\n       23,  2, 21, 52,  1, 23, 43, 29, 37,  1, 59, 20, 32, 11, 57, 21, 60, 43,\n       24, 48, 26, 58, 41, 27, 59, 15, 14, 46, 50, 43, 54, 51, 56,  2, 36, 50,\n        6, 20,  8, 38, 17,  3, 24],\n      dtype='int64')] are in the [index]"
[2026-01-30 12:40:12] Error in calculate_auc_ci: "None of [Index([38, 51, 28, 14, 42,  7, 60, 20, 38, 57, 18, 22, 10, 10, 23, 52, 35, 39,\n       23,  2, 21, 52,  1, 23, 43, 29, 37,  1, 59, 20, 32, 11, 57, 21, 60, 43,\n       24, 48, 26, 58, 41, 27, 59, 15, 14, 46, 50, 43, 54, 51, 56,  2, 36, 50,\n        6, 20,  8, 38, 17,  3, 24],\n      dtype='int64')] are in the [index]"
[2026-01-30 12:40:12] Error in calculate_auc_ci: "None of [Index([38, 51, 28, 14, 42,  7, 60, 20, 38, 57, 18, 22, 10, 10, 23, 52, 35, 39,\n       23,  2, 21, 52,  1, 23, 43, 29, 37,  1, 59, 20, 32, 11, 57, 21, 60, 43,\n       24, 48, 26, 58, 41, 27, 59, 15, 14, 46, 50, 43, 54, 51, 56,  2, 36, 50,\n        6, 20,  8, 38, 17,  3, 24],\n      dtype='int64')] are in the [index]"
[2026-01-30 12:40:12] Error in calculate_auc_ci: "None of [Index([38, 51, 28, 14, 42,  7, 60, 20, 38, 57, 18, 22, 10, 10, 23, 52, 35, 39,\n       23,  2, 21, 52,  1, 23, 43, 29, 37,  1, 59, 20, 32, 11, 57, 21, 60, 43,\n       24, 48, 26, 58, 41, 27, 59, 15, 14, 46, 50, 43, 54, 51, 56,  2, 36, 50,\n        6, 20,  8, 38, 17,  3, 24],\n      dtype='int64')] are in the [index]"
[2026-01-30 12:40:12] Error in calculate_auc_ci: "None of [Index([38, 51, 28, 14, 42,  7, 60, 20, 38, 57, 18, 22, 10, 10, 23, 52, 35, 39,\n       23,  2, 21, 52,  1, 23, 43, 29, 37,  1, 59, 20, 32, 11, 57, 21, 60, 43,\n       24, 48, 26, 58, 41, 27, 59, 15, 14, 46, 50, 43, 54, 51, 56,  2, 36, 50,\n        6, 20,  8, 38, 17,  3, 24],\n      dtype='int64')] are in the [index]"
[2026-01-30 12:40:12] Error in calculate_auc_ci: "None of [Index([38, 51, 28, 14, 42,  7, 60, 20, 38, 57, 18, 22, 10, 10, 23, 52, 35, 39,\n       23,  2, 21, 52,  1, 23, 43, 29, 37,  1, 59, 20, 32, 11, 57, 21, 60, 43,\n       24, 48, 26, 58, 41, 27, 59, 15, 14, 46, 50, 43, 54, 51, 56,  2, 36, 50,\n        6, 20,  8, 38, 17,  3, 24],\n      dtype='int64')] are in the [index]"
[2026-01-30 12:40:12] Error in calculate_auc_ci: "None of [Index([38, 51, 28, 14, 42,  7, 60, 20, 38, 57, 18, 22, 10, 10, 23, 52, 35, 39,\n       23,  2, 21, 52,  1, 23, 43, 29, 37,  1, 59, 20, 32, 11, 57, 21, 60, 43,\n       24, 48, 26, 58, 41, 27, 59, 15, 14, 46, 50, 43, 54, 51, 56,  2, 36, 50,\n        6, 20,  8, 38, 17,  3, 24],\n      dtype='int64')] are in the [index]"
[2026-01-30 12:40:12] Error in calculate_auc_ci: "None of [Index([38, 51, 28, 14, 42,  7, 60, 20, 38, 57, 18, 22, 10, 10, 23, 52, 35, 39,\n       23,  2, 21, 52,  1, 23, 43, 29, 37,  1, 59, 20, 32, 11, 57, 21, 60, 43,\n       24, 48, 26, 58, 41, 27, 59, 15, 14, 46, 50, 43, 54, 51, 56,  2, 36, 50,\n        6, 20,  8, 38, 17,  3, 24],\n      dtype='int64')] are in the [index]"
[2026-01-30 12:40:12] Error in calculate_auc_ci: "None of [Index([38, 51, 28, 14, 42,  7, 60, 20, 38, 57, 18, 22, 10, 10, 23, 52, 35, 39,\n       23,  2, 21, 52,  1, 23, 43, 29, 37,  1, 59, 20, 32, 11, 57, 21, 60, 43,\n       24, 48, 26, 58, 41, 27, 59, 15, 14, 46, 50, 43, 54, 51, 56,  2, 36, 50,\n        6, 20,  8, 38, 17,  3, 24],\n      dtype='int64')] are in the [index]"
[2026-01-30 12:40:12] Error in calculate_auc_ci: "None of [Index([38, 51, 28, 14, 42,  7, 60, 20, 38, 57, 18, 22, 10, 10, 23, 52, 35, 39,\n       23,  2, 21, 52,  1, 23, 43, 29, 37,  1, 59, 20, 32, 11, 57, 21, 60, 43,\n       24, 48, 26, 58, 41, 27, 59, 15, 14, 46, 50, 43, 54, 51, 56,  2, 36, 50,\n        6, 20,  8, 38, 17,  3, 24],\n      dtype='int64')] are in the [index]"
[2026-01-30 12:40:12] Error in calculate_auc_ci: "None of [Index([38, 51, 28, 14, 42,  7, 60, 20, 38, 57, 18, 22, 10, 10, 23, 52, 35, 39,\n       23,  2, 21, 52,  1, 23, 43, 29, 37,  1, 59, 20, 32, 11, 57, 21, 60, 43,\n       24, 48, 26, 58, 41, 27, 59, 15, 14, 46, 50, 43, 54, 51, 56,  2, 36, 50,\n        6, 20,  8, 38, 17,  3, 24],\n      dtype='int64')] are in the [index]"
[2026-01-30 12:40:12] Error in calculate_auc_ci: "None of [Index([38, 51, 28, 14, 42,  7, 60, 20, 38, 57, 18, 22, 10, 10, 23, 52, 35, 39,\n       23,  2, 21, 52,  1, 23, 43, 29, 37,  1, 59, 20, 32, 11, 57, 21, 60, 43,\n       24, 48, 26, 58, 41, 27, 59, 15, 14, 46, 50, 43, 54, 51, 56,  2, 36, 50,\n        6, 20,  8, 38, 17,  3, 24],\n      dtype='int64')] are in the [index]"
[2026-01-30 12:40:12] Error in calculate_auc_ci: "None of [Index([38, 51, 28, 14, 42,  7, 60, 20, 38, 57, 18, 22, 10, 10, 23, 52, 35, 39,\n       23,  2, 21, 52,  1, 23, 43, 29, 37,  1, 59, 20, 32, 11, 57, 21, 60, 43,\n       24, 48, 26, 58, 41, 27, 59, 15, 14, 46, 50, 43, 54, 51, 56,  2, 36, 50,\n        6, 20,  8, 38, 17,  3, 24],\n      dtype='int64')] are in the [index]"
[2026-01-30 12:40:12] Error in calculate_auc_ci: "None of [Index([38, 51, 28, 14, 42,  7, 60, 20, 38, 57, 18, 22, 10, 10, 23, 52, 35, 39,\n       23,  2, 21, 52,  1, 23, 43, 29, 37,  1, 59, 20, 32, 11, 57, 21, 60, 43,\n       24, 48, 26, 58, 41, 27, 59, 15, 14, 46, 50, 43, 54, 51, 56,  2, 36, 50,\n        6, 20,  8, 38, 17,  3, 24],\n      dtype='int64')] are in the [index]"
[2026-01-30 12:40:12] Error in calculate_auc_ci: "None of [Index([38, 51, 28, 14, 42,  7, 60, 20, 38, 57, 18, 22, 10, 10, 23, 52, 35, 39,\n       23,  2, 21, 52,  1, 23, 43, 29, 37,  1, 59, 20, 32, 11, 57, 21, 60, 43,\n       24, 48, 26, 58, 41, 27, 59, 15, 14, 46, 50, 43, 54, 51, 56,  2, 36, 50,\n        6, 20,  8, 38, 17,  3, 24],\n      dtype='int64')] are in the [index]"
[2026-01-30 12:40:12] Error in calculate_auc_ci: "None of [Index([38, 51, 28, 14, 42,  7, 60, 20, 38, 57, 18, 22, 10, 10, 23, 52, 35, 39,\n       23,  2, 21, 52,  1, 23, 43, 29, 37,  1, 59, 20, 32, 11, 57, 21, 60, 43,\n       24, 48, 26, 58, 41, 27, 59, 15, 14, 46, 50, 43, 54, 51, 56,  2, 36, 50,\n        6, 20,  8, 38, 17,  3, 24],\n      dtype='int64')] are in the [index]"
[2026-01-30 12:40:12] Error in calculate_auc_ci: "None of [Index([38, 51, 28, 14, 42,  7, 60, 20, 38, 57, 18, 22, 10, 10, 23, 52, 35, 39,\n       23,  2, 21, 52,  1, 23, 43, 29, 37,  1, 59, 20, 32, 11, 57, 21, 60, 43,\n       24, 48, 26, 58, 41, 27, 59, 15, 14, 46, 50, 43, 54, 51, 56,  2, 36, 50,\n        6, 20,  8, 38, 17,  3, 24],\n      dtype='int64')] are in the [index]"
[2026-01-30 12:40:12] Error in calculate_auc_ci: "None of [Index([38, 51, 28, 14, 42,  7, 60, 20, 38, 57, 18, 22, 10, 10, 23, 52, 35, 39,\n       23,  2, 21, 52,  1, 23, 43, 29, 37,  1, 59, 20, 32, 11, 57, 21, 60, 43,\n       24, 48, 26, 58, 41, 27, 59, 15, 14, 46, 50, 43, 54, 51, 56,  2, 36, 50,\n        6, 20,  8, 38, 17,  3, 24],\n      dtype='int64')] are in the [index]"
[2026-01-30 12:40:12] Error in calculate_auc_ci: "None of [Index([38, 51, 28, 14, 42,  7, 60, 20, 38, 57, 18, 22, 10, 10, 23, 52, 35, 39,\n       23,  2, 21, 52,  1, 23, 43, 29, 37,  1, 59, 20, 32, 11, 57, 21, 60, 43,\n       24, 48, 26, 58, 41, 27, 59, 15, 14, 46, 50, 43, 54, 51, 56,  2, 36, 50,\n        6, 20,  8, 38, 17,  3, 24],\n      dtype='int64')] are in the [index]"
[2026-01-30 12:40:12] Error in calculate_auc_ci: '[38, 51, 42, 57, 52, 35, 39, 43, 37, 59, 32, 48, 58, 41, 46, 50, 54, 56, 36] not in index'
[2026-01-30 12:40:12] Error in calculate_auc_ci: '[38, 51, 42, 57, 52, 35, 39, 43, 37, 59, 32, 48, 58, 41, 46, 50, 54, 56, 36] not in index'
[2026-01-30 12:40:12] Error in calculate_auc_ci: '[38, 51, 42, 57, 52, 35, 39, 43, 37, 59, 32, 48, 58, 41, 46, 50, 54, 56, 36] not in index'
[2026-01-30 12:40:12] Error in calculate_auc_ci: '[38, 51, 42, 57, 52, 35, 39, 43, 37, 59, 32, 48, 58, 41, 46, 50, 54, 56, 36] not in index'
[2026-01-30 12:40:12] Error in calculate_auc_ci: '[38, 51, 42, 57, 52, 35, 39, 43, 37, 59, 32, 48, 58, 41, 46, 50, 54, 56, 36] not in index'
[2026-01-30 12:40:12] Error in calculate_auc_ci: '[38, 51, 42, 57, 52, 35, 39, 43, 37, 59, 32, 48, 58, 41, 46, 50, 54, 56, 36] not in index'
[2026-01-30 12:40:12] Error in calculate_auc_ci: '[38, 51, 42, 57, 52, 35, 39, 43, 37, 59, 32, 48, 58, 41, 46, 50, 54, 56, 36] not in index'
[2026-01-30 12:40:12] Error in calculate_auc_ci: '[38, 51, 42, 57, 52, 35, 39, 43, 37, 59, 32, 48, 58, 41, 46, 50, 54, 56, 36] not in index'
[2026-01-30 12:40:12] Error in calculate_auc_ci: '[38, 51, 42, 57, 52, 35, 39, 43, 37, 59, 32, 48, 58, 41, 46, 50, 54, 56, 36] not in index'
[2026-01-30 12:40:12] Error in calculate_auc_ci: '[38, 51, 42, 57, 52, 35, 39, 43, 37, 59, 32, 48, 58, 41, 46, 50, 54, 56, 36] not in index'
[2026-01-30 12:40:12] Error in calculate_auc_ci: '[38, 51, 42, 57, 52, 35, 39, 43, 37, 59, 32, 48, 58, 41, 46, 50, 54, 56, 36] not in index'
[2026-01-30 12:40:12] Error in calculate_auc_ci: '[38, 51, 42, 57, 52, 35, 39, 43, 37, 59, 32, 48, 58, 41, 46, 50, 54, 56, 36] not in index'
[2026-01-30 12:40:12] Error in calculate_auc_ci: '[38, 51, 42, 57, 52, 35, 39, 43, 37, 59, 32, 48, 58, 41, 46, 50, 54, 56, 36] not in index'
[2026-01-30 12:40:12] Error in calculate_auc_ci: '[38, 51, 42, 57, 52, 35, 39, 43, 37, 59, 32, 48, 58, 41, 46, 50, 54, 56, 36] not in index'
[2026-01-30 12:40:12] Error in calculate_auc_ci: '[38, 51, 42, 57, 52, 35, 39, 43, 37, 59, 32, 48, 58, 41, 46, 50, 54, 56, 36] not in index'
[2026-01-30 12:40:12] Error in calculate_auc_ci: '[38, 51, 42, 57, 52, 35, 39, 43, 37, 59, 32, 48, 58, 41, 46, 50, 54, 56, 36] not in index'
[2026-01-30 12:40:12] Error in calculate_auc_ci: '[38, 51, 42, 57, 52, 35, 39, 43, 37, 59, 32, 48, 58, 41, 46, 50, 54, 56, 36] not in index'
[2026-01-30 12:40:12] Error in calculate_auc_ci: '[38, 51, 42, 57, 52, 35, 39, 43, 37, 59, 32, 48, 58, 41, 46, 50, 54, 56, 36] not in index'
[2026-01-30 12:40:12] Error in calculate_auc_ci: '[38, 51, 42, 57, 52, 35, 39, 43, 37, 59, 32, 48, 58, 41, 46, 50, 54, 56, 36] not in index'
[2026-01-30 12:40:12] Error in calculate_auc_ci: '[38, 51, 42, 57, 52, 35, 39, 43, 37, 59, 32, 48, 58, 41, 46, 50, 54, 56, 36] not in index'
[2026-01-30 12:40:12] Error in calculate_auc_ci: '[38, 51, 42, 57, 52, 35, 39, 43, 37, 59, 32, 48, 58, 41, 46, 50, 54, 56, 36] not in index'
[2026-01-30 12:40:12] Error in calculate_auc_ci: '[38, 51, 42, 57, 52, 35, 39, 43, 37, 59, 32, 48, 58, 41, 46, 50, 54, 56, 36] not in index'
[2026-01-30 12:40:12] Error in calculate_auc_ci: '[38, 51, 42, 57, 52, 35, 39, 43, 37, 59, 32, 48, 58, 41, 46, 50, 54, 56, 36] not in index'
[2026-01-30 12:40:12] Error in calculate_auc_ci: '[38, 51, 42, 57, 52, 35, 39, 43, 37, 59, 32, 48, 58, 41, 46, 50, 54, 56, 36] not in index'
[2026-01-30 12:40:12] Error in calculate_auc_ci: '[38, 51, 42, 57, 52, 35, 39, 43, 37, 59, 32, 48, 58, 41, 46, 50, 54, 56, 36] not in index'
[2026-01-30 12:40:12] Error in calculate_auc_ci: '[38, 51, 42, 57, 52, 35, 39, 43, 37, 59, 32, 48, 58, 41, 46, 50, 54, 56, 36] not in index'
[2026-01-30 12:40:12] Error in calculate_auc_ci: '[38, 51, 42, 57, 52, 35, 39, 43, 37, 59, 32, 48, 58, 41, 46, 50, 54, 56, 36] not in index'
[2026-01-30 12:40:12] Error in calculate_auc_ci: '[38, 51, 42, 57, 52, 35, 39, 43, 37, 59, 32, 48, 58, 41, 46, 50, 54, 56, 36] not in index'
[2026-01-30 12:40:12] Error in calculate_auc_ci: '[38, 51, 42, 57, 52, 35, 39, 43, 37, 59, 32, 48, 58, 41, 46, 50, 54, 56, 36] not in index'
[2026-01-30 12:40:12] Error in calculate_auc_ci: '[38, 51, 42, 57, 52, 35, 39, 43, 37, 59, 32, 48, 58, 41, 46, 50, 54, 56, 36] not in index'
[2026-01-30 12:40:12] Error in calculate_auc_ci: '[38, 51, 42, 57, 52, 35, 39, 43, 37, 59, 32, 48, 58, 41, 46, 50, 54, 56, 36] not in index'
[2026-01-30 12:40:12] Error in calculate_auc_ci: '[38, 51, 42, 57, 52, 35, 39, 43, 37, 59, 32, 48, 58, 41, 46, 50, 54, 56, 36] not in index'
[2026-01-30 12:40:12] Error in calculate_auc_ci: '[38, 51, 42, 57, 52, 35, 39, 43, 37, 59, 32, 48, 58, 41, 46, 50, 54, 56, 36] not in index'
[2026-01-30 12:40:12] Error in calculate_auc_ci: '[38, 51, 42, 57, 52, 35, 39, 43, 37, 59, 32, 48, 58, 41, 46, 50, 54, 56, 36] not in index'
[2026-01-30 12:40:12] Error in calculate_auc_ci: '[38, 51, 42, 57, 52, 35, 39, 43, 37, 59, 32, 48, 58, 41, 46, 50, 54, 56, 36] not in index'
[2026-01-30 12:40:12] Error in calculate_auc_ci: '[38, 51, 42, 57, 52, 35, 39, 43, 37, 59, 32, 48, 58, 41, 46, 50, 54, 56, 36] not in index'
[2026-01-30 12:40:12] Error in calculate_auc_ci: '[38, 51, 42, 57, 52, 35, 39, 43, 37, 59, 32, 48, 58, 41, 46, 50, 54, 56, 36] not in index'
[2026-01-30 12:40:12] Error in calculate_auc_ci: '[38, 51, 42, 57, 52, 35, 39, 43, 37, 59, 32, 48, 58, 41, 46, 50, 54, 56, 36] not in index'
[2026-01-30 12:40:12] Error in calculate_auc_ci: '[38, 51, 42, 57, 52, 35, 39, 43, 37, 59, 32, 48, 58, 41, 46, 50, 54, 56, 36] not in index'
[2026-01-30 12:40:12] Error in calculate_auc_ci: '[38, 51, 42, 57, 52, 35, 39, 43, 37, 59, 32, 48, 58, 41, 46, 50, 54, 56, 36] not in index'
[2026-01-30 12:40:12] Error in calculate_auc_ci: '[38, 51, 42, 57, 52, 35, 39, 43, 37, 59, 32, 48, 58, 41, 46, 50, 54, 56, 36] not in index'
[2026-01-30 12:40:12] Error in calculate_auc_ci: '[38, 51, 42, 57, 52, 35, 39, 43, 37, 59, 32, 48, 58, 41, 46, 50, 54, 56, 36] not in index'
[2026-01-30 12:40:12] Error in calculate_auc_ci: '[38, 51, 42, 57, 52, 35, 39, 43, 37, 59, 32, 48, 58, 41, 46, 50, 54, 56, 36] not in index'
[2026-01-30 12:40:12] Error in calculate_auc_ci: '[38, 51, 42, 57, 52, 35, 39, 43, 37, 59, 32, 48, 58, 41, 46, 50, 54, 56, 36] not in index'
[2026-01-30 12:40:12] Error in calculate_auc_ci: '[38, 51, 42, 57, 52, 35, 39, 43, 37, 59, 32, 48, 58, 41, 46, 50, 54, 56, 36] not in index'
[2026-01-30 12:40:12] Error in calculate_auc_ci: '[38, 51, 42, 57, 52, 35, 39, 43, 37, 59, 32, 48, 58, 41, 46, 50, 54, 56, 36] not in index'
[2026-01-30 12:40:12] Error in calculate_auc_ci: '[38, 51, 42, 57, 52, 35, 39, 43, 37, 59, 32, 48, 58, 41, 46, 50, 54, 56, 36] not in index'
[2026-01-30 12:40:12] Error in calculate_auc_ci: '[38, 51, 42, 57, 52, 35, 39, 43, 37, 59, 32, 48, 58, 41, 46, 50, 54, 56, 36] not in index'
[2026-01-30 12:40:12] Error in calculate_auc_ci: '[38, 51, 42, 57, 52, 35, 39, 43, 37, 59, 32, 48, 58, 41, 46, 50, 54, 56, 36] not in index'
[2026-01-30 12:40:12] Error in calculate_auc_ci: '[38, 51, 42, 57, 52, 35, 39, 43, 37, 59, 32, 48, 58, 41, 46, 50, 54, 56, 36] not in index'
[2026-01-30 12:40:12] Error in calculate_auc_ci: '[38, 51, 42, 57, 52, 35, 39, 43, 37, 59, 32, 48, 58, 41, 46, 50, 54, 56, 36] not in index'
[2026-01-30 12:40:12] Error in calculate_auc_ci: '[38, 51, 42, 57, 52, 35, 39, 43, 37, 59, 32, 48, 58, 41, 46, 50, 54, 56, 36] not in index'
[2026-01-30 12:40:12] Error in calculate_auc_ci: '[38, 51, 42, 57, 52, 35, 39, 43, 37, 59, 32, 48, 58, 41, 46, 50, 54, 56, 36] not in index'
[2026-01-30 12:40:12] Error in calculate_auc_ci: '[38, 51, 42, 57, 52, 35, 39, 43, 37, 59, 32, 48, 58, 41, 46, 50, 54, 56, 36] not in index'
[2026-01-30 12:40:12] Error in calculate_auc_ci: '[38, 51, 42, 57, 52, 35, 39, 43, 37, 59, 32, 48, 58, 41, 46, 50, 54, 56, 36] not in index'
[2026-01-30 12:40:12] Error in calculate_auc_ci: '[38, 51, 42, 57, 52, 35, 39, 43, 37, 59, 32, 48, 58, 41, 46, 50, 54, 56, 36] not in index'
[2026-01-30 12:40:12] Error in calculate_auc_ci: '[38, 51, 42, 57, 52, 35, 39, 43, 37, 59, 32, 48, 58, 41, 46, 50, 54, 56, 36] not in index'
[2026-01-30 12:40:12] Error in calculate_auc_ci: '[38, 51, 42, 57, 52, 35, 39, 43, 37, 59, 32, 48, 58, 41, 46, 50, 54, 56, 36] not in index'
[2026-01-30 12:40:12] Error in calculate_auc_ci: '[38, 51, 42, 57, 52, 35, 39, 43, 37, 59, 32, 48, 58, 41, 46, 50, 54, 56, 36] not in index'
[2026-01-30 12:40:12] Error in calculate_auc_ci: '[38, 51, 42, 57, 52, 35, 39, 43, 37, 59, 32, 48, 58, 41, 46, 50, 54, 56, 36] not in index'
[2026-01-30 12:40:12] Error in calculate_auc_ci: '[38, 51, 42, 57, 52, 35, 39, 43, 37, 59, 32, 48, 58, 41, 46, 50, 54, 56, 36] not in index'
[2026-01-30 12:40:12] Error in calculate_auc_ci: '[38, 51, 42, 57, 52, 35, 39, 43, 37, 59, 32, 48, 58, 41, 46, 50, 54, 56, 36] not in index'
[2026-01-30 12:40:12] Error in calculate_auc_ci: '[38, 51, 42, 57, 52, 35, 39, 43, 37, 59, 32, 48, 58, 41, 46, 50, 54, 56, 36] not in index'
[2026-01-30 12:40:12] Error in calculate_auc_ci: '[38, 51, 42, 57, 52, 35, 39, 43, 37, 59, 32, 48, 58, 41, 46, 50, 54, 56, 36] not in index'
[2026-01-30 12:40:12] Error in calculate_auc_ci: '[38, 51, 42, 57, 52, 35, 39, 43, 37, 59, 32, 48, 58, 41, 46, 50, 54, 56, 36] not in index'
[2026-01-30 12:40:12] Error in calculate_auc_ci: '[38, 51, 42, 57, 52, 35, 39, 43, 37, 59, 32, 48, 58, 41, 46, 50, 54, 56, 36] not in index'
[2026-01-30 12:40:12] Error in calculate_auc_ci: '[38, 51, 42, 57, 52, 35, 39, 43, 37, 59, 32, 48, 58, 41, 46, 50, 54, 56, 36] not in index'
[2026-01-30 12:40:12] Error in calculate_auc_ci: '[38, 51, 42, 57, 52, 35, 39, 43, 37, 59, 32, 48, 58, 41, 46, 50, 54, 56, 36] not in index'
[2026-01-30 12:40:12] Error in calculate_auc_ci: '[38, 51, 42, 57, 52, 35, 39, 43, 37, 59, 32, 48, 58, 41, 46, 50, 54, 56, 36] not in index'
[2026-01-30 12:40:12] Error in calculate_auc_ci: '[38, 51, 42, 57, 52, 35, 39, 43, 37, 59, 32, 48, 58, 41, 46, 50, 54, 56, 36] not in index'
[2026-01-30 12:40:12] Error in calculate_auc_ci: '[38, 51, 42, 57, 52, 35, 39, 43, 37, 59, 32, 48, 58, 41, 46, 50, 54, 56, 36] not in index'
[2026-01-30 12:40:12] Error in calculate_auc_ci: '[38, 51, 42, 57, 52, 35, 39, 43, 37, 59, 32, 48, 58, 41, 46, 50, 54, 56, 36] not in index'
[2026-01-30 12:40:12] Error in calculate_auc_ci: '[38, 51, 42, 57, 52, 35, 39, 43, 37, 59, 32, 48, 58, 41, 46, 50, 54, 56, 36] not in index'
[2026-01-30 12:40:12] Error in calculate_auc_ci: '[38, 51, 42, 57, 52, 35, 39, 43, 37, 59, 32, 48, 58, 41, 46, 50, 54, 56, 36] not in index'
[2026-01-30 12:40:12] Error in calculate_auc_ci: '[38, 51, 42, 57, 52, 35, 39, 43, 37, 59, 32, 48, 58, 41, 46, 50, 54, 56, 36] not in index'
[2026-01-30 12:40:12] Error in calculate_auc_ci: '[38, 51, 42, 57, 52, 35, 39, 43, 37, 59, 32, 48, 58, 41, 46, 50, 54, 56, 36] not in index'
[2026-01-30 12:40:12] Error in calculate_auc_ci: '[38, 51, 42, 57, 52, 35, 39, 43, 37, 59, 32, 48, 58, 41, 46, 50, 54, 56, 36] not in index'
[2026-01-30 12:40:12] Error in calculate_auc_ci: '[38, 51, 42, 57, 52, 35, 39, 43, 37, 59, 32, 48, 58, 41, 46, 50, 54, 56, 36] not in index'
[2026-01-30 12:40:12] Error in calculate_auc_ci: '[38, 51, 42, 57, 52, 35, 39, 43, 37, 59, 32, 48, 58, 41, 46, 50, 54, 56, 36] not in index'
[2026-01-30 12:40:12] Error in calculate_auc_ci: '[38, 51, 42, 57, 52, 35, 39, 43, 37, 59, 32, 48, 58, 41, 46, 50, 54, 56, 36] not in index'
[2026-01-30 12:40:12] Error in calculate_auc_ci: '[38, 51, 42, 57, 52, 35, 39, 43, 37, 59, 32, 48, 58, 41, 46, 50, 54, 56, 36] not in index'
[2026-01-30 12:40:12] Error in calculate_auc_ci: "None of [Index([38, 51, 28, 14, 42,  7, 60, 20, 38, 57, 18, 22, 10, 10, 23, 52, 35, 39,\n       23,  2, 21, 52,  1, 23, 43, 29, 37,  1, 63, 59, 20, 32, 11, 57, 21, 60,\n       43, 24, 48, 26, 58, 62, 41, 63, 27, 59, 15, 14, 61, 61, 46, 61, 50, 43,\n       54, 51, 63, 56,  2, 36, 50,  6, 20,  8],\n      dtype='int64')] are in the [index]"
[2026-01-30 12:40:12] Error in calculate_auc_ci: "None of [Index([38, 51, 28, 14, 42,  7, 60, 20, 38, 57, 18, 22, 10, 10, 23, 52, 35, 39,\n       23,  2, 21, 52,  1, 23, 43, 29, 37,  1, 63, 59, 20, 32, 11, 57, 21, 60,\n       43, 24, 48, 26, 58, 62, 41, 63, 27, 59, 15, 14, 61, 61, 46, 61, 50, 43,\n       54, 51, 63, 56,  2, 36, 50,  6, 20,  8],\n      dtype='int64')] are in the [index]"
[2026-01-30 12:40:12] Error in calculate_auc_ci: "None of [Index([38, 51, 28, 14, 42,  7, 60, 20, 38, 57, 18, 22, 10, 10, 23, 52, 35, 39,\n       23,  2, 21, 52,  1, 23, 43, 29, 37,  1, 63, 59, 20, 32, 11, 57, 21, 60,\n       43, 24, 48, 26, 58, 62, 41, 63, 27, 59, 15, 14, 61, 61, 46, 61, 50, 43,\n       54, 51, 63, 56,  2, 36, 50,  6, 20,  8],\n      dtype='int64')] are in the [index]"
[2026-01-30 12:40:12] Error in calculate_auc_ci: "None of [Index([38, 51, 28, 14, 42,  7, 60, 20, 38, 57, 18, 22, 10, 10, 23, 52, 35, 39,\n       23,  2, 21, 52,  1, 23, 43, 29, 37,  1, 63, 59, 20, 32, 11, 57, 21, 60,\n       43, 24, 48, 26, 58, 62, 41, 63, 27, 59, 15, 14, 61, 61, 46, 61, 50, 43,\n       54, 51, 63, 56,  2, 36, 50,  6, 20,  8],\n      dtype='int64')] are in the [index]"
[2026-01-30 12:40:12] Error in calculate_auc_ci: "None of [Index([38, 51, 28, 14, 42,  7, 60, 20, 38, 57, 18, 22, 10, 10, 23, 52, 35, 39,\n       23,  2, 21, 52,  1, 23, 43, 29, 37,  1, 63, 59, 20, 32, 11, 57, 21, 60,\n       43, 24, 48, 26, 58, 62, 41, 63, 27, 59, 15, 14, 61, 61, 46, 61, 50, 43,\n       54, 51, 63, 56,  2, 36, 50,  6, 20,  8],\n      dtype='int64')] are in the [index]"
[2026-01-30 12:40:12] Error in calculate_auc_ci: "None of [Index([38, 51, 28, 14, 42,  7, 60, 20, 38, 57, 18, 22, 10, 10, 23, 52, 35, 39,\n       23,  2, 21, 52,  1, 23, 43, 29, 37,  1, 63, 59, 20, 32, 11, 57, 21, 60,\n       43, 24, 48, 26, 58, 62, 41, 63, 27, 59, 15, 14, 61, 61, 46, 61, 50, 43,\n       54, 51, 63, 56,  2, 36, 50,  6, 20,  8],\n      dtype='int64')] are in the [index]"
[2026-01-30 12:40:12] Error in calculate_auc_ci: "None of [Index([38, 51, 28, 14, 42,  7, 60, 20, 38, 57, 18, 22, 10, 10, 23, 52, 35, 39,\n       23,  2, 21, 52,  1, 23, 43, 29, 37,  1, 63, 59, 20, 32, 11, 57, 21, 60,\n       43, 24, 48, 26, 58, 62, 41, 63, 27, 59, 15, 14, 61, 61, 46, 61, 50, 43,\n       54, 51, 63, 56,  2, 36, 50,  6, 20,  8],\n      dtype='int64')] are in the [index]"
[2026-01-30 12:40:12] Error in calculate_auc_ci: "None of [Index([38, 51, 28, 14, 42,  7, 60, 20, 38, 57, 18, 22, 10, 10, 23, 52, 35, 39,\n       23,  2, 21, 52,  1, 23, 43, 29, 37,  1, 63, 59, 20, 32, 11, 57, 21, 60,\n       43, 24, 48, 26, 58, 62, 41, 63, 27, 59, 15, 14, 61, 61, 46, 61, 50, 43,\n       54, 51, 63, 56,  2, 36, 50,  6, 20,  8],\n      dtype='int64')] are in the [index]"
[2026-01-30 12:40:12] Error in calculate_auc_ci: "None of [Index([38, 51, 28, 14, 42,  7, 60, 20, 38, 57, 18, 22, 10, 10, 23, 52, 35, 39,\n       23,  2, 21, 52,  1, 23, 43, 29, 37,  1, 63, 59, 20, 32, 11, 57, 21, 60,\n       43, 24, 48, 26, 58, 62, 41, 63, 27, 59, 15, 14, 61, 61, 46, 61, 50, 43,\n       54, 51, 63, 56,  2, 36, 50,  6, 20,  8],\n      dtype='int64')] are in the [index]"
[2026-01-30 12:40:12] Error in calculate_auc_ci: "None of [Index([38, 51, 28, 14, 42,  7, 60, 20, 38, 57, 18, 22, 10, 10, 23, 52, 35, 39,\n       23,  2, 21, 52,  1, 23, 43, 29, 37,  1, 63, 59, 20, 32, 11, 57, 21, 60,\n       43, 24, 48, 26, 58, 62, 41, 63, 27, 59, 15, 14, 61, 61, 46, 61, 50, 43,\n       54, 51, 63, 56,  2, 36, 50,  6, 20,  8],\n      dtype='int64')] are in the [index]"
[2026-01-30 12:40:13] Error in calculate_auc_ci: "None of [Index([38, 51, 28, 14, 42,  7, 60, 20, 38, 57, 18, 22, 10, 10, 23, 52, 35, 39,\n       23,  2, 21, 52,  1, 23, 43, 29, 37,  1, 63, 59, 20, 32, 11, 57, 21, 60,\n       43, 24, 48, 26, 58, 62, 41, 63, 27, 59, 15, 14, 61, 61, 46, 61, 50, 43,\n       54, 51, 63, 56,  2, 36, 50,  6, 20,  8],\n      dtype='int64')] are in the [index]"
[2026-01-30 12:40:13] Error in calculate_auc_ci: "None of [Index([38, 51, 28, 14, 42,  7, 60, 20, 38, 57, 18, 22, 10, 10, 23, 52, 35, 39,\n       23,  2, 21, 52,  1, 23, 43, 29, 37,  1, 63, 59, 20, 32, 11, 57, 21, 60,\n       43, 24, 48, 26, 58, 62, 41, 63, 27, 59, 15, 14, 61, 61, 46, 61, 50, 43,\n       54, 51, 63, 56,  2, 36, 50,  6, 20,  8],\n      dtype='int64')] are in the [index]"
[2026-01-30 12:40:13] Error in calculate_auc_ci: "None of [Index([38, 51, 28, 14, 42,  7, 60, 20, 38, 57, 18, 22, 10, 10, 23, 52, 35, 39,\n       23,  2, 21, 52,  1, 23, 43, 29, 37,  1, 63, 59, 20, 32, 11, 57, 21, 60,\n       43, 24, 48, 26, 58, 62, 41, 63, 27, 59, 15, 14, 61, 61, 46, 61, 50, 43,\n       54, 51, 63, 56,  2, 36, 50,  6, 20,  8],\n      dtype='int64')] are in the [index]"
[2026-01-30 12:40:13] Error in calculate_auc_ci: "None of [Index([38, 51, 28, 14, 42,  7, 60, 20, 38, 57, 18, 22, 10, 10, 23, 52, 35, 39,\n       23,  2, 21, 52,  1, 23, 43, 29, 37,  1, 63, 59, 20, 32, 11, 57, 21, 60,\n       43, 24, 48, 26, 58, 62, 41, 63, 27, 59, 15, 14, 61, 61, 46, 61, 50, 43,\n       54, 51, 63, 56,  2, 36, 50,  6, 20,  8],\n      dtype='int64')] are in the [index]"
[2026-01-30 12:40:13] Error in calculate_auc_ci: "None of [Index([38, 51, 28, 14, 42,  7, 60, 20, 38, 57, 18, 22, 10, 10, 23, 52, 35, 39,\n       23,  2, 21, 52,  1, 23, 43, 29, 37,  1, 63, 59, 20, 32, 11, 57, 21, 60,\n       43, 24, 48, 26, 58, 62, 41, 63, 27, 59, 15, 14, 61, 61, 46, 61, 50, 43,\n       54, 51, 63, 56,  2, 36, 50,  6, 20,  8],\n      dtype='int64')] are in the [index]"
[2026-01-30 12:40:13] Error in calculate_auc_ci: "None of [Index([38, 51, 28, 14, 42,  7, 60, 20, 38, 57, 18, 22, 10, 10, 23, 52, 35, 39,\n       23,  2, 21, 52,  1, 23, 43, 29, 37,  1, 63, 59, 20, 32, 11, 57, 21, 60,\n       43, 24, 48, 26, 58, 62, 41, 63, 27, 59, 15, 14, 61, 61, 46, 61, 50, 43,\n       54, 51, 63, 56,  2, 36, 50,  6, 20,  8],\n      dtype='int64')] are in the [index]"
[2026-01-30 12:40:13] Error in calculate_auc_ci: "None of [Index([38, 51, 28, 14, 42,  7, 60, 20, 38, 57, 18, 22, 10, 10, 23, 52, 35, 39,\n       23,  2, 21, 52,  1, 23, 43, 29, 37,  1, 63, 59, 20, 32, 11, 57, 21, 60,\n       43, 24, 48, 26, 58, 62, 41, 63, 27, 59, 15, 14, 61, 61, 46, 61, 50, 43,\n       54, 51, 63, 56,  2, 36, 50,  6, 20,  8],\n      dtype='int64')] are in the [index]"
[2026-01-30 12:40:13] Error in calculate_auc_ci: "None of [Index([38, 51, 28, 14, 42,  7, 60, 20, 38, 57, 18, 22, 10, 10, 23, 52, 35, 39,\n       23,  2, 21, 52,  1, 23, 43, 29, 37,  1, 63, 59, 20, 32, 11, 57, 21, 60,\n       43, 24, 48, 26, 58, 62, 41, 63, 27, 59, 15, 14, 61, 61, 46, 61, 50, 43,\n       54, 51, 63, 56,  2, 36, 50,  6, 20,  8],\n      dtype='int64')] are in the [index]"
[2026-01-30 12:40:13] Error in calculate_auc_ci: "None of [Index([38, 51, 28, 14, 42,  7, 60, 20, 38, 57, 18, 22, 10, 10, 23, 52, 35, 39,\n       23,  2, 21, 52,  1, 23, 43, 29, 37,  1, 63, 59, 20, 32, 11, 57, 21, 60,\n       43, 24, 48, 26, 58, 62, 41, 63, 27, 59, 15, 14, 61, 61, 46, 61, 50, 43,\n       54, 51, 63, 56,  2, 36, 50,  6, 20,  8],\n      dtype='int64')] are in the [index]"
[2026-01-30 12:40:13] Error in calculate_auc_ci: "None of [Index([38, 51, 28, 14, 42,  7, 60, 20, 38, 57, 18, 22, 10, 10, 23, 52, 35, 39,\n       23,  2, 21, 52,  1, 23, 43, 29, 37,  1, 63, 59, 20, 32, 11, 57, 21, 60,\n       43, 24, 48, 26, 58, 62, 41, 63, 27, 59, 15, 14, 61, 61, 46, 61, 50, 43,\n       54, 51, 63, 56,  2, 36, 50,  6, 20,  8],\n      dtype='int64')] are in the [index]"
[2026-01-30 12:40:13] Error in calculate_auc_ci: "None of [Index([38, 51, 28, 14, 42,  7, 60, 20, 38, 57, 18, 22, 10, 10, 23, 52, 35, 39,\n       23,  2, 21, 52,  1, 23, 43, 29, 37,  1, 63, 59, 20, 32, 11, 57, 21, 60,\n       43, 24, 48, 26, 58, 62, 41, 63, 27, 59, 15, 14, 61, 61, 46, 61, 50, 43,\n       54, 51, 63, 56,  2, 36, 50,  6, 20,  8],\n      dtype='int64')] are in the [index]"
[2026-01-30 12:40:13] Error in calculate_auc_ci: "None of [Index([38, 51, 28, 14, 42,  7, 60, 20, 38, 57, 18, 22, 10, 10, 23, 52, 35, 39,\n       23,  2, 21, 52,  1, 23, 43, 29, 37,  1, 63, 59, 20, 32, 11, 57, 21, 60,\n       43, 24, 48, 26, 58, 62, 41, 63, 27, 59, 15, 14, 61, 61, 46, 61, 50, 43,\n       54, 51, 63, 56,  2, 36, 50,  6, 20,  8],\n      dtype='int64')] are in the [index]"
[2026-01-30 12:40:13] Error in calculate_auc_ci: "None of [Index([38, 51, 28, 14, 42,  7, 60, 20, 38, 57, 18, 22, 10, 10, 23, 52, 35, 39,\n       23,  2, 21, 52,  1, 23, 43, 29, 37,  1, 63, 59, 20, 32, 11, 57, 21, 60,\n       43, 24, 48, 26, 58, 62, 41, 63, 27, 59, 15, 14, 61, 61, 46, 61, 50, 43,\n       54, 51, 63, 56,  2, 36, 50,  6, 20,  8],\n      dtype='int64')] are in the [index]"
[2026-01-30 12:40:13] Error in calculate_auc_ci: "None of [Index([38, 51, 28, 14, 42,  7, 60, 20, 38, 57, 18, 22, 10, 10, 23, 52, 35, 39,\n       23,  2, 21, 52,  1, 23, 43, 29, 37,  1, 63, 59, 20, 32, 11, 57, 21, 60,\n       43, 24, 48, 26, 58, 62, 41, 63, 27, 59, 15, 14, 61, 61, 46, 61, 50, 43,\n       54, 51, 63, 56,  2, 36, 50,  6, 20,  8],\n      dtype='int64')] are in the [index]"
[2026-01-30 12:40:13] Error in calculate_auc_ci: "None of [Index([38, 51, 28, 14, 42,  7, 60, 20, 38, 57, 18, 22, 10, 10, 23, 52, 35, 39,\n       23,  2, 21, 52,  1, 23, 43, 29, 37,  1, 63, 59, 20, 32, 11, 57, 21, 60,\n       43, 24, 48, 26, 58, 62, 41, 63, 27, 59, 15, 14, 61, 61, 46, 61, 50, 43,\n       54, 51, 63, 56,  2, 36, 50,  6, 20,  8],\n      dtype='int64')] are in the [index]"
[2026-01-30 12:40:13] Error in calculate_auc_ci: "None of [Index([38, 51, 28, 14, 42,  7, 60, 20, 38, 57, 18, 22, 10, 10, 23, 52, 35, 39,\n       23,  2, 21, 52,  1, 23, 43, 29, 37,  1, 63, 59, 20, 32, 11, 57, 21, 60,\n       43, 24, 48, 26, 58, 62, 41, 63, 27, 59, 15, 14, 61, 61, 46, 61, 50, 43,\n       54, 51, 63, 56,  2, 36, 50,  6, 20,  8],\n      dtype='int64')] are in the [index]"
[2026-01-30 12:40:13] Error in calculate_auc_ci: "None of [Index([38, 51, 28, 14, 42,  7, 60, 20, 38, 57, 18, 22, 10, 10, 23, 52, 35, 39,\n       23,  2, 21, 52,  1, 23, 43, 29, 37,  1, 63, 59, 20, 32, 11, 57, 21, 60,\n       43, 24, 48, 26, 58, 62, 41, 63, 27, 59, 15, 14, 61, 61, 46, 61, 50, 43,\n       54, 51, 63, 56,  2, 36, 50,  6, 20,  8],\n      dtype='int64')] are in the [index]"
[2026-01-30 12:40:13] Error in calculate_auc_ci: "None of [Index([38, 51, 28, 14, 42,  7, 60, 20, 38, 57, 18, 22, 10, 10, 23, 52, 35, 39,\n       23,  2, 21, 52,  1, 23, 43, 29, 37,  1, 63, 59, 20, 32, 11, 57, 21, 60,\n       43, 24, 48, 26, 58, 62, 41, 63, 27, 59, 15, 14, 61, 61, 46, 61, 50, 43,\n       54, 51, 63, 56,  2, 36, 50,  6, 20,  8],\n      dtype='int64')] are in the [index]"
[2026-01-30 12:40:13] Error in calculate_auc_ci: "None of [Index([38, 51, 28, 14, 42,  7, 60, 20, 38, 57, 18, 22, 10, 10, 23, 52, 35, 39,\n       23,  2, 21, 52,  1, 23, 43, 29, 37,  1, 63, 59, 20, 32, 11, 57, 21, 60,\n       43, 24, 48, 26, 58, 62, 41, 63, 27, 59, 15, 14, 61, 61, 46, 61, 50, 43,\n       54, 51, 63, 56,  2, 36, 50,  6, 20,  8],\n      dtype='int64')] are in the [index]"
[2026-01-30 12:40:13] Error in calculate_auc_ci: "None of [Index([38, 51, 28, 14, 42,  7, 60, 20, 38, 57, 18, 22, 10, 10, 23, 52, 35, 39,\n       23,  2, 21, 52,  1, 23, 43, 29, 37,  1, 63, 59, 20, 32, 11, 57, 21, 60,\n       43, 24, 48, 26, 58, 62, 41, 63, 27, 59, 15, 14, 61, 61, 46, 61, 50, 43,\n       54, 51, 63, 56,  2, 36, 50,  6, 20,  8],\n      dtype='int64')] are in the [index]"
[2026-01-30 12:40:13] Error in calculate_auc_ci: "None of [Index([38, 51, 28, 14, 42,  7, 60, 20, 38, 57, 18, 22, 10, 10, 23, 52, 35, 39,\n       23,  2, 21, 52,  1, 23, 43, 29, 37,  1, 63, 59, 20, 32, 11, 57, 21, 60,\n       43, 24, 48, 26, 58, 62, 41, 63, 27, 59, 15, 14, 61, 61, 46, 61, 50, 43,\n       54, 51, 63, 56,  2, 36, 50,  6, 20,  8],\n      dtype='int64')] are in the [index]"
[2026-01-30 12:40:13] Error in calculate_auc_ci: "None of [Index([38, 51, 28, 14, 42,  7, 60, 20, 38, 57, 18, 22, 10, 10, 23, 52, 35, 39,\n       23,  2, 21, 52,  1, 23, 43, 29, 37,  1, 63, 59, 20, 32, 11, 57, 21, 60,\n       43, 24, 48, 26, 58, 62, 41, 63, 27, 59, 15, 14, 61, 61, 46, 61, 50, 43,\n       54, 51, 63, 56,  2, 36, 50,  6, 20,  8],\n      dtype='int64')] are in the [index]"
[2026-01-30 12:40:13] Error in calculate_auc_ci: "None of [Index([38, 51, 28, 14, 42,  7, 60, 20, 38, 57, 18, 22, 10, 10, 23, 52, 35, 39,\n       23,  2, 21, 52,  1, 23, 43, 29, 37,  1, 63, 59, 20, 32, 11, 57, 21, 60,\n       43, 24, 48, 26, 58, 62, 41, 63, 27, 59, 15, 14, 61, 61, 46, 61, 50, 43,\n       54, 51, 63, 56,  2, 36, 50,  6, 20,  8],\n      dtype='int64')] are in the [index]"
[2026-01-30 12:40:13] Error in calculate_auc_ci: "None of [Index([38, 51, 28, 14, 42,  7, 60, 20, 38, 57, 18, 22, 10, 10, 23, 52, 35, 39,\n       23,  2, 21, 52,  1, 23, 43, 29, 37,  1, 63, 59, 20, 32, 11, 57, 21, 60,\n       43, 24, 48, 26, 58, 62, 41, 63, 27, 59, 15, 14, 61, 61, 46, 61, 50, 43,\n       54, 51, 63, 56,  2, 36, 50,  6, 20,  8],\n      dtype='int64')] are in the [index]"
[2026-01-30 12:40:13] Error in calculate_auc_ci: "None of [Index([38, 51, 28, 14, 42,  7, 60, 20, 38, 57, 18, 22, 10, 10, 23, 52, 35, 39,\n       23,  2, 21, 52,  1, 23, 43, 29, 37,  1, 63, 59, 20, 32, 11, 57, 21, 60,\n       43, 24, 48, 26, 58, 62, 41, 63, 27, 59, 15, 14, 61, 61, 46, 61, 50, 43,\n       54, 51, 63, 56,  2, 36, 50,  6, 20,  8],\n      dtype='int64')] are in the [index]"
[2026-01-30 12:40:13] Error in calculate_auc_ci: "None of [Index([38, 51, 28, 14, 42,  7, 60, 20, 38, 57, 18, 22, 10, 10, 23, 52, 35, 39,\n       23,  2, 21, 52,  1, 23, 43, 29, 37,  1, 63, 59, 20, 32, 11, 57, 21, 60,\n       43, 24, 48, 26, 58, 62, 41, 63, 27, 59, 15, 14, 61, 61, 46, 61, 50, 43,\n       54, 51, 63, 56,  2, 36, 50,  6, 20,  8],\n      dtype='int64')] are in the [index]"
[2026-01-30 12:40:13] Error in calculate_auc_ci: "None of [Index([38, 51, 28, 14, 42,  7, 60, 20, 38, 57, 18, 22, 10, 10, 23, 52, 35, 39,\n       23,  2, 21, 52,  1, 23, 43, 29, 37,  1, 63, 59, 20, 32, 11, 57, 21, 60,\n       43, 24, 48, 26, 58, 62, 41, 63, 27, 59, 15, 14, 61, 61, 46, 61, 50, 43,\n       54, 51, 63, 56,  2, 36, 50,  6, 20,  8],\n      dtype='int64')] are in the [index]"
[2026-01-30 12:40:13] Error in calculate_auc_ci: "None of [Index([38, 51, 28, 14, 42,  7, 60, 20, 38, 57, 18, 22, 10, 10, 23, 52, 35, 39,\n       23,  2, 21, 52,  1, 23, 43, 29, 37,  1, 63, 59, 20, 32, 11, 57, 21, 60,\n       43, 24, 48, 26, 58, 62, 41, 63, 27, 59, 15, 14, 61, 61, 46, 61, 50, 43,\n       54, 51, 63, 56,  2, 36, 50,  6, 20,  8],\n      dtype='int64')] are in the [index]"
[2026-01-30 12:40:13] Error in calculate_auc_ci: "None of [Index([38, 51, 28, 14, 42,  7, 60, 20, 38, 57, 18, 22, 10, 10, 23, 52, 35, 39,\n       23,  2, 21, 52,  1, 23, 43, 29, 37,  1, 63, 59, 20, 32, 11, 57, 21, 60,\n       43, 24, 48, 26, 58, 62, 41, 63, 27, 59, 15, 14, 61, 61, 46, 61, 50, 43,\n       54, 51, 63, 56,  2, 36, 50,  6, 20,  8],\n      dtype='int64')] are in the [index]"
[2026-01-30 12:40:13] Error in calculate_auc_ci: "None of [Index([38, 51, 28, 14, 42,  7, 60, 20, 38, 57, 18, 22, 10, 10, 23, 52, 35, 39,\n       23,  2, 21, 52,  1, 23, 43, 29, 37,  1, 59, 20, 32, 11, 57, 21, 60, 43,\n       24, 48, 26, 58, 41, 27, 59, 15, 14, 61, 61, 46, 61, 50, 43, 54, 51, 56,\n        2, 36, 50,  6, 20,  8, 38, 17],\n      dtype='int64')] are in the [index]"
[2026-01-30 12:40:13] Error in calculate_auc_ci: "None of [Index([38, 51, 28, 14, 42,  7, 60, 20, 38, 57, 18, 22, 10, 10, 23, 52, 35, 39,\n       23,  2, 21, 52,  1, 23, 43, 29, 37,  1, 59, 20, 32, 11, 57, 21, 60, 43,\n       24, 48, 26, 58, 41, 27, 59, 15, 14, 61, 61, 46, 61, 50, 43, 54, 51, 56,\n        2, 36, 50,  6, 20,  8, 38, 17],\n      dtype='int64')] are in the [index]"
[2026-01-30 12:40:13] Error in calculate_auc_ci: "None of [Index([38, 51, 28, 14, 42,  7, 60, 20, 38, 57, 18, 22, 10, 10, 23, 52, 35, 39,\n       23,  2, 21, 52,  1, 23, 43, 29, 37,  1, 59, 20, 32, 11, 57, 21, 60, 43,\n       24, 48, 26, 58, 41, 27, 59, 15, 14, 61, 61, 46, 61, 50, 43, 54, 51, 56,\n        2, 36, 50,  6, 20,  8, 38, 17],\n      dtype='int64')] are in the [index]"
[2026-01-30 12:40:13] Error in calculate_auc_ci: "None of [Index([38, 51, 28, 14, 42,  7, 60, 20, 38, 57, 18, 22, 10, 10, 23, 52, 35, 39,\n       23,  2, 21, 52,  1, 23, 43, 29, 37,  1, 59, 20, 32, 11, 57, 21, 60, 43,\n       24, 48, 26, 58, 41, 27, 59, 15, 14, 61, 61, 46, 61, 50, 43, 54, 51, 56,\n        2, 36, 50,  6, 20,  8, 38, 17],\n      dtype='int64')] are in the [index]"
[2026-01-30 12:40:13] Error in calculate_auc_ci: "None of [Index([38, 51, 28, 14, 42,  7, 60, 20, 38, 57, 18, 22, 10, 10, 23, 52, 35, 39,\n       23,  2, 21, 52,  1, 23, 43, 29, 37,  1, 59, 20, 32, 11, 57, 21, 60, 43,\n       24, 48, 26, 58, 41, 27, 59, 15, 14, 61, 61, 46, 61, 50, 43, 54, 51, 56,\n        2, 36, 50,  6, 20,  8, 38, 17],\n      dtype='int64')] are in the [index]"
[2026-01-30 12:40:13] Error in calculate_auc_ci: "None of [Index([38, 51, 28, 14, 42,  7, 60, 20, 38, 57, 18, 22, 10, 10, 23, 52, 35, 39,\n       23,  2, 21, 52,  1, 23, 43, 29, 37,  1, 59, 20, 32, 11, 57, 21, 60, 43,\n       24, 48, 26, 58, 41, 27, 59, 15, 14, 61, 61, 46, 61, 50, 43, 54, 51, 56,\n        2, 36, 50,  6, 20,  8, 38, 17],\n      dtype='int64')] are in the [index]"
[2026-01-30 12:40:13] Error in calculate_auc_ci: "None of [Index([38, 51, 28, 14, 42,  7, 60, 20, 38, 57, 18, 22, 10, 10, 23, 52, 35, 39,\n       23,  2, 21, 52,  1, 23, 43, 29, 37,  1, 59, 20, 32, 11, 57, 21, 60, 43,\n       24, 48, 26, 58, 41, 27, 59, 15, 14, 61, 61, 46, 61, 50, 43, 54, 51, 56,\n        2, 36, 50,  6, 20,  8, 38, 17],\n      dtype='int64')] are in the [index]"
[2026-01-30 12:40:13] Error in calculate_auc_ci: "None of [Index([38, 51, 28, 14, 42,  7, 60, 20, 38, 57, 18, 22, 10, 10, 23, 52, 35, 39,\n       23,  2, 21, 52,  1, 23, 43, 29, 37,  1, 59, 20, 32, 11, 57, 21, 60, 43,\n       24, 48, 26, 58, 41, 27, 59, 15, 14, 61, 61, 46, 61, 50, 43, 54, 51, 56,\n        2, 36, 50,  6, 20,  8, 38, 17],\n      dtype='int64')] are in the [index]"
[2026-01-30 12:40:13] Error in calculate_auc_ci: "None of [Index([38, 51, 28, 14, 42,  7, 60, 20, 38, 57, 18, 22, 10, 10, 23, 52, 35, 39,\n       23,  2, 21, 52,  1, 23, 43, 29, 37,  1, 59, 20, 32, 11, 57, 21, 60, 43,\n       24, 48, 26, 58, 41, 27, 59, 15, 14, 61, 61, 46, 61, 50, 43, 54, 51, 56,\n        2, 36, 50,  6, 20,  8, 38, 17],\n      dtype='int64')] are in the [index]"
[2026-01-30 12:40:13] Error in calculate_auc_ci: "None of [Index([38, 51, 28, 14, 42,  7, 60, 20, 38, 57, 18, 22, 10, 10, 23, 52, 35, 39,\n       23,  2, 21, 52,  1, 23, 43, 29, 37,  1, 59, 20, 32, 11, 57, 21, 60, 43,\n       24, 48, 26, 58, 41, 27, 59, 15, 14, 61, 61, 46, 61, 50, 43, 54, 51, 56,\n        2, 36, 50,  6, 20,  8, 38, 17],\n      dtype='int64')] are in the [index]"
[2026-01-30 12:40:13] Error in calculate_auc_ci: "None of [Index([38, 51, 28, 14, 42,  7, 60, 20, 38, 57, 18, 22, 10, 10, 23, 52, 35, 39,\n       23,  2, 21, 52,  1, 23, 43, 29, 37,  1, 59, 20, 32, 11, 57, 21, 60, 43,\n       24, 48, 26, 58, 41, 27, 59, 15, 14, 61, 61, 46, 61, 50, 43, 54, 51, 56,\n        2, 36, 50,  6, 20,  8, 38, 17],\n      dtype='int64')] are in the [index]"
[2026-01-30 12:40:13] Error in calculate_auc_ci: "None of [Index([38, 51, 28, 14, 42,  7, 60, 20, 38, 57, 18, 22, 10, 10, 23, 52, 35, 39,\n       23,  2, 21, 52,  1, 23, 43, 29, 37,  1, 59, 20, 32, 11, 57, 21, 60, 43,\n       24, 48, 26, 58, 41, 27, 59, 15, 14, 61, 61, 46, 61, 50, 43, 54, 51, 56,\n        2, 36, 50,  6, 20,  8, 38, 17],\n      dtype='int64')] are in the [index]"
[2026-01-30 12:40:13] Error in calculate_auc_ci: "None of [Index([38, 51, 28, 14, 42,  7, 60, 20, 38, 57, 18, 22, 10, 10, 23, 52, 35, 39,\n       23,  2, 21, 52,  1, 23, 43, 29, 37,  1, 59, 20, 32, 11, 57, 21, 60, 43,\n       24, 48, 26, 58, 41, 27, 59, 15, 14, 61, 61, 46, 61, 50, 43, 54, 51, 56,\n        2, 36, 50,  6, 20,  8, 38, 17],\n      dtype='int64')] are in the [index]"
[2026-01-30 12:40:13] Error in calculate_auc_ci: "None of [Index([38, 51, 28, 14, 42,  7, 60, 20, 38, 57, 18, 22, 10, 10, 23, 52, 35, 39,\n       23,  2, 21, 52,  1, 23, 43, 29, 37,  1, 59, 20, 32, 11, 57, 21, 60, 43,\n       24, 48, 26, 58, 41, 27, 59, 15, 14, 61, 61, 46, 61, 50, 43, 54, 51, 56,\n        2, 36, 50,  6, 20,  8, 38, 17],\n      dtype='int64')] are in the [index]"
[2026-01-30 12:40:13] Error in calculate_auc_ci: "None of [Index([38, 51, 28, 14, 42,  7, 60, 20, 38, 57, 18, 22, 10, 10, 23, 52, 35, 39,\n       23,  2, 21, 52,  1, 23, 43, 29, 37,  1, 59, 20, 32, 11, 57, 21, 60, 43,\n       24, 48, 26, 58, 41, 27, 59, 15, 14, 61, 61, 46, 61, 50, 43, 54, 51, 56,\n        2, 36, 50,  6, 20,  8, 38, 17],\n      dtype='int64')] are in the [index]"
[2026-01-30 12:40:13] Error in calculate_auc_ci: "None of [Index([38, 51, 28, 14, 42,  7, 60, 20, 38, 57, 18, 22, 10, 10, 23, 52, 35, 39,\n       23,  2, 21, 52,  1, 23, 43, 29, 37,  1, 59, 20, 32, 11, 57, 21, 60, 43,\n       24, 48, 26, 58, 41, 27, 59, 15, 14, 61, 61, 46, 61, 50, 43, 54, 51, 56,\n        2, 36, 50,  6, 20,  8, 38, 17],\n      dtype='int64')] are in the [index]"
[2026-01-30 12:40:13] Error in calculate_auc_ci: "None of [Index([38, 51, 28, 14, 42,  7, 60, 20, 38, 57, 18, 22, 10, 10, 23, 52, 35, 39,\n       23,  2, 21, 52,  1, 23, 43, 29, 37,  1, 59, 20, 32, 11, 57, 21, 60, 43,\n       24, 48, 26, 58, 41, 27, 59, 15, 14, 61, 61, 46, 61, 50, 43, 54, 51, 56,\n        2, 36, 50,  6, 20,  8, 38, 17],\n      dtype='int64')] are in the [index]"
[2026-01-30 12:40:13] Error in calculate_auc_ci: "None of [Index([38, 51, 28, 14, 42,  7, 60, 20, 38, 57, 18, 22, 10, 10, 23, 52, 35, 39,\n       23,  2, 21, 52,  1, 23, 43, 29, 37,  1, 59, 20, 32, 11, 57, 21, 60, 43,\n       24, 48, 26, 58, 41, 27, 59, 15, 14, 61, 61, 46, 61, 50, 43, 54, 51, 56,\n        2, 36, 50,  6, 20,  8, 38, 17],\n      dtype='int64')] are in the [index]"
[2026-01-30 12:40:13] Error in calculate_auc_ci: "None of [Index([38, 51, 28, 14, 42,  7, 60, 20, 38, 57, 18, 22, 10, 10, 23, 52, 35, 39,\n       23,  2, 21, 52,  1, 23, 43, 29, 37,  1, 59, 20, 32, 11, 57, 21, 60, 43,\n       24, 48, 26, 58, 41, 27, 59, 15, 14, 61, 61, 46, 61, 50, 43, 54, 51, 56,\n        2, 36, 50,  6, 20,  8, 38, 17],\n      dtype='int64')] are in the [index]"
[2026-01-30 12:40:13] Error in calculate_auc_ci: "None of [Index([38, 51, 28, 14, 42,  7, 60, 20, 38, 57, 18, 22, 10, 10, 23, 52, 35, 39,\n       23,  2, 21, 52,  1, 23, 43, 29, 37,  1, 59, 20, 32, 11, 57, 21, 60, 43,\n       24, 48, 26, 58, 41, 27, 59, 15, 14, 61, 61, 46, 61, 50, 43, 54, 51, 56,\n        2, 36, 50,  6, 20,  8, 38, 17],\n      dtype='int64')] are in the [index]"
[2026-01-30 12:40:13] Error in calculate_auc_ci: "None of [Index([38, 51, 28, 14, 42,  7, 60, 20, 38, 57, 18, 22, 10, 10, 23, 52, 35, 39,\n       23,  2, 21, 52,  1, 23, 43, 29, 37,  1, 59, 20, 32, 11, 57, 21, 60, 43,\n       24, 48, 26, 58, 41, 27, 59, 15, 14, 61, 61, 46, 61, 50, 43, 54, 51, 56,\n        2, 36, 50,  6, 20,  8, 38, 17],\n      dtype='int64')] are in the [index]"
[2026-01-30 12:40:13] Error in calculate_auc_ci: "None of [Index([38, 51, 28, 14, 42,  7, 60, 20, 38, 57, 18, 22, 10, 10, 23, 52, 35, 39,\n       23,  2, 21, 52,  1, 23, 43, 29, 37,  1, 59, 20, 32, 11, 57, 21, 60, 43,\n       24, 48, 26, 58, 41, 27, 59, 15, 14, 61, 61, 46, 61, 50, 43, 54, 51, 56,\n        2, 36, 50,  6, 20,  8, 38, 17],\n      dtype='int64')] are in the [index]"
[2026-01-30 12:40:13] Error in calculate_auc_ci: "None of [Index([38, 51, 28, 14, 42,  7, 60, 20, 38, 57, 18, 22, 10, 10, 23, 52, 35, 39,\n       23,  2, 21, 52,  1, 23, 43, 29, 37,  1, 59, 20, 32, 11, 57, 21, 60, 43,\n       24, 48, 26, 58, 41, 27, 59, 15, 14, 61, 61, 46, 61, 50, 43, 54, 51, 56,\n        2, 36, 50,  6, 20,  8, 38, 17],\n      dtype='int64')] are in the [index]"
[2026-01-30 12:40:13] Error in calculate_auc_ci: "None of [Index([38, 51, 28, 14, 42,  7, 60, 20, 38, 57, 18, 22, 10, 10, 23, 52, 35, 39,\n       23,  2, 21, 52,  1, 23, 43, 29, 37,  1, 59, 20, 32, 11, 57, 21, 60, 43,\n       24, 48, 26, 58, 41, 27, 59, 15, 14, 61, 61, 46, 61, 50, 43, 54, 51, 56,\n        2, 36, 50,  6, 20,  8, 38, 17],\n      dtype='int64')] are in the [index]"
[2026-01-30 12:40:13] Error in calculate_auc_ci: "None of [Index([38, 51, 28, 14, 42,  7, 60, 20, 38, 57, 18, 22, 10, 10, 23, 52, 35, 39,\n       23,  2, 21, 52,  1, 23, 43, 29, 37,  1, 59, 20, 32, 11, 57, 21, 60, 43,\n       24, 48, 26, 58, 41, 27, 59, 15, 14, 61, 61, 46, 61, 50, 43, 54, 51, 56,\n        2, 36, 50,  6, 20,  8, 38, 17],\n      dtype='int64')] are in the [index]"
[2026-01-30 12:40:13] Error in calculate_auc_ci: "None of [Index([38, 51, 28, 14, 42,  7, 60, 20, 38, 57, 18, 22, 10, 10, 23, 52, 35, 39,\n       23,  2, 21, 52,  1, 23, 43, 29, 37,  1, 59, 20, 32, 11, 57, 21, 60, 43,\n       24, 48, 26, 58, 41, 27, 59, 15, 14, 61, 61, 46, 61, 50, 43, 54, 51, 56,\n        2, 36, 50,  6, 20,  8, 38, 17],\n      dtype='int64')] are in the [index]"
[2026-01-30 12:40:13] Error in calculate_auc_ci: "None of [Index([38, 51, 28, 14, 42,  7, 60, 20, 38, 57, 18, 22, 10, 10, 23, 52, 35, 39,\n       23,  2, 21, 52,  1, 23, 43, 29, 37,  1, 59, 20, 32, 11, 57, 21, 60, 43,\n       24, 48, 26, 58, 41, 27, 59, 15, 14, 61, 61, 46, 61, 50, 43, 54, 51, 56,\n        2, 36, 50,  6, 20,  8, 38, 17],\n      dtype='int64')] are in the [index]"
[2026-01-30 12:40:13] Error in calculate_auc_ci: "None of [Index([38, 51, 28, 14, 42,  7, 60, 20, 38, 57, 18, 22, 10, 10, 23, 52, 35, 39,\n       23,  2, 21, 52,  1, 23, 43, 29, 37,  1, 59, 20, 32, 11, 57, 21, 60, 43,\n       24, 48, 26, 58, 41, 27, 59, 15, 14, 61, 61, 46, 61, 50, 43, 54, 51, 56,\n        2, 36, 50,  6, 20,  8, 38, 17],\n      dtype='int64')] are in the [index]"
[2026-01-30 12:40:13] Error in calculate_auc_ci: "None of [Index([38, 51, 28, 14, 42,  7, 60, 20, 38, 57, 18, 22, 10, 10, 23, 52, 35, 39,\n       23,  2, 21, 52,  1, 23, 43, 29, 37,  1, 59, 20, 32, 11, 57, 21, 60, 43,\n       24, 48, 26, 58, 41, 27, 59, 15, 14, 61, 61, 46, 61, 50, 43, 54, 51, 56,\n        2, 36, 50,  6, 20,  8, 38, 17],\n      dtype='int64')] are in the [index]"
[2026-01-30 12:40:13] Error in calculate_auc_ci: "None of [Index([38, 51, 28, 14, 42,  7, 60, 20, 38, 57, 18, 22, 10, 10, 23, 52, 35, 39,\n       23,  2, 21, 52,  1, 23, 43, 29, 37,  1, 59, 20, 32, 11, 57, 21, 60, 43,\n       24, 48, 26, 58, 41, 27, 59, 15, 14, 61, 61, 46, 61, 50, 43, 54, 51, 56,\n        2, 36, 50,  6, 20,  8, 38, 17],\n      dtype='int64')] are in the [index]"
[2026-01-30 12:40:13] Error in calculate_auc_ci: "None of [Index([38, 51, 28, 14, 42,  7, 60, 20, 38, 57, 18, 22, 10, 10, 23, 52, 35, 39,\n       23,  2, 21, 52,  1, 23, 43, 29, 37,  1, 59, 20, 32, 11, 57, 21, 60, 43,\n       24, 48, 26, 58, 41, 27, 59, 15, 14, 61, 61, 46, 61, 50, 43, 54, 51, 56,\n        2, 36, 50,  6, 20,  8, 38, 17],\n      dtype='int64')] are in the [index]"
[2026-01-30 12:40:13] Error in calculate_auc_ci: "None of [Index([38, 51, 28, 14, 42,  7, 60, 20, 38, 57, 18, 22, 10, 10, 23, 52, 35, 39,\n       23,  2, 21, 52,  1, 23, 43, 29, 37,  1, 59, 20, 32, 11, 57, 21, 60, 43,\n       24, 48, 26, 58, 41, 27, 59, 15, 14, 61, 61, 46, 61, 50, 43, 54, 51, 56,\n        2, 36, 50,  6, 20,  8, 38, 17],\n      dtype='int64')] are in the [index]"
[2026-01-30 12:40:13] Error in calculate_auc_ci: "None of [Index([38, 51, 28, 14, 42,  7, 60, 20, 38, 57, 18, 22, 10, 10, 23, 52, 35, 39,\n       23,  2, 21, 52,  1, 23, 43, 29, 37,  1, 59, 20, 32, 11, 57, 21, 60, 43,\n       24, 48, 26, 58, 41, 27, 59, 15, 14, 61, 61, 46, 61, 50, 43, 54, 51, 56,\n        2, 36, 50,  6, 20,  8, 38, 17],\n      dtype='int64')] are in the [index]"
[2026-01-30 12:40:13] Error in calculate_auc_ci: "None of [Index([38, 51, 28, 14, 42,  7, 60, 20, 38, 57, 18, 22, 10, 10, 23, 52, 35, 39,\n       23,  2, 21, 52,  1, 23, 43, 29, 37,  1, 59, 20, 32, 11, 57, 21, 60, 43,\n       24, 48, 26, 58, 41, 27, 59, 15, 14, 61, 61, 46, 61, 50, 43, 54, 51, 56,\n        2, 36, 50,  6, 20,  8, 38, 17],\n      dtype='int64')] are in the [index]"
[2026-01-30 12:40:13] Error in calculate_auc_ci: "None of [Index([38, 51, 28, 14, 42,  7, 60, 20, 38, 57, 18, 22, 10, 10, 23, 52, 35, 39,\n       23,  2, 21, 52,  1, 23, 43, 29, 37,  1, 59, 20, 32, 11, 57, 21, 60, 43,\n       24, 48, 26, 58, 41, 27, 59, 15, 14, 61, 61, 46, 61, 50, 43, 54, 51, 56,\n        2, 36, 50,  6, 20,  8, 38, 17],\n      dtype='int64')] are in the [index]"
[2026-01-30 12:40:13] Error in calculate_auc_ci: "None of [Index([38, 51, 28, 14, 42,  7, 60, 20, 38, 57, 18, 22, 10, 10, 23, 52, 35, 39,\n       23,  2, 21, 52,  1, 23, 43, 29, 37,  1, 59, 20, 32, 11, 57, 21, 60, 43,\n       24, 48, 26, 58, 41, 27, 59, 15, 14, 61, 61, 46, 61, 50, 43, 54, 51, 56,\n        2, 36, 50,  6, 20,  8, 38, 17],\n      dtype='int64')] are in the [index]"
[2026-01-30 12:40:13] Error in calculate_auc_ci: "None of [Index([38, 51, 28, 14, 42,  7, 60, 20, 38, 57, 18, 22, 10, 10, 23, 52, 35, 39,\n       23,  2, 21, 52,  1, 23, 43, 29, 37,  1, 59, 20, 32, 11, 57, 21, 60, 43,\n       24, 48, 26, 58, 41, 27, 59, 15, 14, 61, 61, 46, 61, 50, 43, 54, 51, 56,\n        2, 36, 50,  6, 20,  8, 38, 17],\n      dtype='int64')] are in the [index]"
[2026-01-30 12:40:13] Error in calculate_auc_ci: "None of [Index([38, 51, 28, 14, 42,  7, 60, 20, 38, 57, 18, 22, 10, 10, 23, 52, 35, 39,\n       23,  2, 21, 52,  1, 23, 43, 29, 37,  1, 59, 20, 32, 11, 57, 21, 60, 43,\n       24, 48, 26, 58, 41, 27, 59, 15, 14, 61, 61, 46, 61, 50, 43, 54, 51, 56,\n        2, 36, 50,  6, 20,  8, 38, 17],\n      dtype='int64')] are in the [index]"
[2026-01-30 12:40:13] Error in calculate_auc_ci: "None of [Index([38, 51, 28, 14, 42,  7, 60, 20, 38, 57, 18, 22, 10, 10, 23, 52, 35, 39,\n       23,  2, 21, 52,  1, 23, 43, 29, 37,  1, 59, 20, 32, 11, 57, 21, 60, 43,\n       24, 48, 26, 58, 41, 27, 59, 15, 14, 61, 61, 46, 61, 50, 43, 54, 51, 56,\n        2, 36, 50,  6, 20,  8, 38, 17],\n      dtype='int64')] are in the [index]"
